guide	sequence_count	percent_correct_target	percent_other_target	number_of_other_targets
TAACAGGCGATCGCCTGTTA	283	0.0	33.92226148409894	31
ATAGAGGATCGATCCTCTAT	3692	36.646803900325025	68.47237269772481	145
TGTTAGGCCTAGGCCTAACA	849	23.32155477031802	47.70318021201413	70
TTAAAGGCGCGCGCCTTTAA	352	0.0	31.53409090909091	36
GACAAGGATTAATCCTTGTC	9096	49.51627088830255	42.24934036939314	220
TAACAGGCGTACGCCTGTTA	280	28.571428571428573	42.5	31
TCGTAGGGTATACCCTACGA	1718	27.648428405122235	75.20372526193248	103
TGCGAGGATCGATCCTCGCA	468	0.0	46.794871794871796	40
ACCTAGGGTGCACCCTAGGT	656	6.25	37.5	54
CGAGAGGTCGCGACCTCTCG	105	0.0	96.19047619047619	15
GATCAGGTCCGGACCTGATC	519	0.9633911368015414	44.1233140655106	48
CCGTAGGCTTAAGCCTACGG	92	0.0	20.652173913043477	10
CAAGAGGACCGGTCCTCTTG	522	0.19157088122605365	40.61302681992337	44
GGTAAGGCACGTGCCTTACC	281	0.0	34.87544483985765	21
GCTCAGGCGTACGCCTGAGC	11	0.0	63.63636363636363	2
TCTTAGGACCGGTCCTAAGA	641	10.45241809672387	52.886115444617786	55
AATGAGGAGCGCTCCTCATT	427	0.0	60.18735362997658	52
AATAAGGGTCGACCCTTATT	3068	37.1251629726206	66.72099087353325	131
GACGAGGTACGTACCTCGTC	730	0.136986301369863	46.57534246575342	58
GTTGAGGAGCGCTCCTCAAC	283	0.0	52.65017667844523	33
GCGTAGGGTCGACCCTACGC	173	0.0	38.15028901734104	24
GCATAGGAGCGCTCCTATGC	282	0.0	40.0709219858156	26
AAACAGGGGCGCCCCTGTTT	338	0.0	50.887573964497044	40
ATTAAGGCGATCGCCTTAAT	1411	25.442948263642805	46.49184975194897	93
CCCTAGGTAGCTACCTAGGG	103	0.0	106.79611650485437	13
TTACAGGGCGCGCCCTGTAA	191	0.0	48.69109947643979	20
CTATAGGACCGGTCCTATAG	373	20.10723860589812	92.49329758713137	36
TCTAAGGTACGTACCTTAGA	440	0.0	29.318181818181817	42
GGGTAGGTTCGAACCTACCC	263	11.406844106463879	56.27376425855513	28
GATTAGGCGATCGCCTAATC	140	0.0	59.285714285714285	16
GACGAGGTGCGCACCTCGTC	568	0.0	38.20422535211268	53
ATACAGGCGTACGCCTGTAT	249	37.34939759036145	48.99598393574297	30
TAGTAGGGAATTCCCTACTA	2720	39.4485294117647	82.72058823529412	128
GTGTAGGAGTACTCCTACAC	393	0.0	28.75318066157761	35
TCGAAGGTACGTACCTTCGA	903	2.3255813953488373	36.54485049833887	65
ACGAAGGTATATACCTTCGT	593	1.5177065767284992	26.30691399662732	56
ACGCAGGGATATCCCTGCGT	166	0.0	43.975903614457835	15
GCTTAGGTTGCAACCTAAGC	385	1.0389610389610389	37.4025974025974	28
CACGAGGTGGCCACCTCGTG	65	0.0	152.30769230769232	9
CGTAAGGATCGATCCTTACG	463	5.183585313174946	55.0755939524838	39
AACCAGGTACGTACCTGGTT	1298	10.708782742681048	40.90909090909091	91
CCGGAGGGTATACCCTCCGG	576	22.743055555555557	49.479166666666664	48
GTATAGGTGCGCACCTATAC	209	0.0	54.54545454545455	29
GTCCAGGCGATCGCCTGGAC	36	0.0	83.33333333333333	4
GCCGAGGAGTACTCCTCGGC	165	3.6363636363636362	40.60606060606061	26
CGTAAGGCCGCGGCCTTACG	82	0.0	58.53658536585366	11
CTTTAGGCGTACGCCTAAAG	235	14.46808510638298	58.723404255319146	26
CAGTAGGTTTAAACCTACTG	271	9.59409594095941	36.53136531365314	30
AGTTAGGTCGCGACCTAACT	169	0.0	58.57988165680474	21
CATAAGGGCGCGCCCTTATG	267	5.617977528089888	38.57677902621723	32
CGGAAGGTCGCGACCTTCCG	229	0.0	43.66812227074236	27
GAACAGGGCGCGCCCTGTTC	81	0.0	79.01234567901234	15
AGGTAGGTTCGAACCTACCT	1195	18.661087866108787	40.92050209205021	74
GTTAAGGAACGTTCCTTAAC	1272	22.87735849056604	59.905660377358494	78
CTAAAGGGTCGACCCTTTAG	841	22.11652794292509	57.19381688466112	72
TAGTAGGCTCGAGCCTACTA	535	11.588785046728972	41.495327102803735	49
TCTAAGGGACGTCCCTTAGA	1269	30.33884948778566	94.72025216706068	85
TACAAGGGCCGGCCCTTGTA	381	0.26246719160104987	41.732283464566926	37
TGCTAGGTCGCGACCTAGCA	463	0.0	46.868250539956804	43
ACAAAGGTTCGAACCTTTGT	2407	31.657665143331947	44.162858329871206	107
CCGAAGGCACGTGCCTTCGG	71	0.0	45.070422535211264	10
CTCGAGGGTGCACCCTCGAG	113	0.0	76.10619469026548	17
CGAAAGGCGGCCGCCTTTCG	127	0.0	27.559055118110237	16
TCCGAGGCATATGCCTCGGA	120	1.6666666666666667	87.5	13
ATAAAGGGCGCGCCCTTTAT	271	0.36900369003690037	42.80442804428044	31
GCGTAGGATATATCCTACGC	1547	22.88299935358759	44.14996767937944	89
TAAGAGGGACGTCCCTCTTA	1119	10.813226094727435	47.98927613941019	79
TTGGAGGTTCGAACCTCCAA	600	10.5	44.833333333333336	50
TATTAGGCCCGGGCCTAATA	468	2.3504273504273505	45.085470085470085	47
CGTCAGGACATGTCCTGACG	340	7.9411764705882355	47.35294117647059	34
AACTAGGAACGTTCCTAGTT	1919	27.357998957790517	53.88223032829599	116
CGCTAGGTGCGCACCTAGCG	104	0.0	104.8076923076923	15
CTCTAGGGTCGACCCTAGAG	285	0.0	43.50877192982456	26
TACGAGGTAGCTACCTCGTA	847	14.403778040141676	46.753246753246756	64
GTCTAGGTTGCAACCTAGAC	416	1.2019230769230769	49.27884615384615	45
TTGTAGGGTATACCCTACAA	424	3.5377358490566038	33.25471698113208	41
ATGGAGGACGCGTCCTCCAT	321	0.0	48.598130841121495	33
GTATAGGTGATCACCTATAC	2326	32.2871883061049	71.49613069647464	103
TTATAGGCGCGCGCCTATAA	216	0.0	40.74074074074074	25
CCGGAGGACATGTCCTCCGG	200	0.0	26.0	27
CGTTAGGAAGCTTCCTAACG	468	4.487179487179487	38.46153846153846	42
GATAAGGTCTAGACCTTATC	5842	48.13420061622732	52.80725778842862	174
TAGGAGGTTCGAACCTCCTA	1444	19.667590027700832	48.54570637119114	94
ACCTAGGCGTACGCCTAGGT	298	19.798657718120804	64.09395973154362	25
TGTTAGGACGCGTCCTAACA	366	0.0	68.0327868852459	45
AACGAGGTACGTACCTCGTT	859	8.032596041909196	39.93015133876601	61
ACGAAGGACATGTCCTTCGT	1076	12.9182156133829	39.03345724907063	72
AACGAGGGCCGGCCCTCGTT	202	0.0	62.87128712871287	23
TCGAAGGGTATACCCTTCGA	385	0.0	25.714285714285715	28
ATCGAGGTCGCGACCTCGAT	220	0.0	69.54545454545455	18
TCTAAGGACCGGTCCTTAGA	910	10.989010989010989	47.252747252747255	62
TCCAAGGCGTACGCCTTGGA	125	24.0	57.6	15
GCTAAGGGTATACCCTTAGC	231	0.0	36.36363636363637	30
GAACAGGTACGTACCTGTTC	447	0.0	28.411633109619686	35
CGTAAGGGCGCGCCCTTACG	174	0.0	67.24137931034483	20
CGCTAGGCATATGCCTAGCG	60	3.3333333333333335	81.66666666666667	5
AACTAGGGCCGGCCCTAGTT	504	0.0	29.96031746031746	46
CCAAAGGCGCGCGCCTTTGG	60	0.0	83.33333333333333	5
GTCAAGGGGCGCCCCTTGAC	388	0.0	36.08247422680412	49
GAATAGGCTCGAGCCTATTC	549	12.750455373406194	37.704918032786885	51
TCATAGGTTCGAACCTATGA	3293	35.46917704221075	68.53932584269663	143
CGCTAGGATGCATCCTAGCG	306	0.0	33.66013071895425	36
AAGTAGGGGCGCCCCTACTT	296	0.0	45.608108108108105	29
CCGTAGGCAGCTGCCTACGG	63	0.0	46.03174603174603	8
CCGGAGGATCGATCCTCCGG	247	6.0728744939271255	48.582995951417004	25
AACGAGGCTTAAGCCTCGTT	403	33.7468982630273	60.049627791563275	36
TCGCAGGGACGTCCCTGCGA	250	0.0	47.2	28
GTCTAGGTCCGGACCTAGAC	475	0.0	32.8421052631579	48
TGGTAGGCGCGCGCCTACCA	241	0.0	34.439834024896264	29
TGTAAGGTCGCGACCTTACA	462	0.0	31.385281385281385	43
GTCGAGGACGCGTCCTCGAC	114	0.0	57.01754385964912	19
TGCGAGGAGATCTCCTCGCA	706	7.36543909348442	32.71954674220963	61
CAATAGGCGGCCGCCTATTG	178	0.0	41.57303370786517	27
AACTAGGACGCGTCCTAGTT	935	10.16042780748663	31.336898395721924	61
TTCGAGGCGGCCGCCTCGAA	95	0.0	45.26315789473684	13
CACGAGGTACGTACCTCGTG	384	5.989583333333333	35.15625	39
TCGTAGGCCTAGGCCTACGA	259	15.444015444015443	35.52123552123552	22
AACGAGGTATATACCTCGTT	3057	45.37127903173045	49.394831534183844	127
GCGTAGGTAGCTACCTACGC	262	0.0	47.32824427480916	34
TCTAAGGCGATCGCCTTAGA	584	9.931506849315069	48.63013698630137	57
TTGCAGGCGATCGCCTGCAA	63	0.0	33.333333333333336	9
ACGTAGGGTTAACCCTACGT	1573	33.56643356643357	57.02479338842975	97
AGCTAGGTGCGCACCTAGCT	390	0.0	41.02564102564103	47
ACGGAGGATGCATCCTCCGT	715	2.5174825174825175	31.32867132867133	50
TAGAAGGGGCGCCCCTTCTA	403	0.0	36.9727047146402	40
CACTAGGCGTACGCCTAGTG	185	35.13513513513514	21.08108108108108	19
GATTAGGCCGCGGCCTAATC	292	0.0	28.08219178082192	31
ATCGAGGATGCATCCTCGAT	1384	3.2514450867052025	35.1878612716763	86
CGCTAGGCGATCGCCTAGCG	42	0.0	61.904761904761905	7
CGATAGGCTCGAGCCTATCG	334	0.0	41.31736526946108	25
GGTAAGGGCGCGCCCTTACC	107	0.0	53.271028037383175	13
GAGTAGGAGCGCTCCTACTC	392	0.0	36.224489795918366	43
TAATAGGGGTACCCCTATTA	281	3.202846975088968	30.604982206405694	32
AACGAGGGAGCTCCCTCGTT	310	0.0	43.54838709677419	33
CCATAGGTGTACACCTATGG	827	21.765417170495766	83.91777509068923	67
ACGGAGGGGTACCCCTCCGT	347	4.610951008645533	34.293948126801155	44
GCGTAGGACGCGTCCTACGC	124	0.0	44.354838709677416	18
GGTTAGGACGCGTCCTAACC	342	0.0	39.76608187134503	42
TATCAGGGGGCCCCCTGATA	271	0.0	34.31734317343174	36
GCCGAGGATTAATCCTCGGC	168	13.095238095238095	44.04761904761905	24
CTTAAGGGGTACCCCTTAAG	3465	39.682539682539684	59.62481962481962	137
CGTTAGGCGATCGCCTAACG	44	0.0	100.0	4
CTATAGGTGTACACCTATAG	2678	32.26288274831964	98.87976101568334	120
ATGTAGGGACGTCCCTACAT	721	7.766990291262136	54.36893203883495	59
AACGAGGCACGTGCCTCGTT	285	0.0	47.36842105263158	33
AGCGAGGGTCGACCCTCGCT	136	0.0	63.23529411764706	21
GACGAGGTCTAGACCTCGTC	175	0.0	53.714285714285715	19
TAGCAGGCGCGCGCCTGCTA	57	0.0	68.42105263157895	8
ATACAGGCGGCCGCCTGTAT	336	0.0	30.654761904761905	29
ACGGAGGTGATCACCTCCGT	604	11.42384105960265	40.89403973509934	53
ACTAAGGTGTACACCTTAGT	279	0.7168458781362007	57.34767025089606	30
TTGGAGGCGCGCGCCTCCAA	132	0.0	65.15151515151516	16
GGATAGGAGTACTCCTATCC	1335	22.322097378277153	36.92883895131086	83
CTGTAGGGACGTCCCTACAG	241	0.0	72.61410788381743	25
CGATAGGTTATAACCTATCG	5958	45.56898288016113	48.89224572004028	184
ATGTAGGGTATACCCTACAT	329	2.127659574468085	43.161094224924014	38
TGTCAGGTACGTACCTGACA	781	8.322663252240718	54.929577464788736	61
GGCGAGGTATATACCTCGCC	34	0.0	67.6470588235294	8
TCGCAGGATTAATCCTGCGA	609	14.614121510673234	36.45320197044335	53
CCTTAGGTCGCGACCTAAGG	157	0.0	70.06369426751593	11
TGATAGGGACGTCCCTATCA	1017	20.353982300884955	78.56440511307768	71
TCTAAGGGGTACCCCTTAGA	3002	38.20786142571619	69.15389740173218	126
CGAAAGGCTATAGCCTTTCG	739	28.552097428958053	34.23545331529093	56
TCGAAGGACATGTCCTTCGA	1211	17.341040462427745	53.922378199834846	84
ACCGAGGATTAATCCTCGGT	493	0.2028397565922921	22.515212981744423	46
TCGGAGGAACGTTCCTCCGA	487	0.0	42.299794661190965	47
TACTAGGACGCGTCCTAGTA	381	0.0	39.10761154855643	35
TTGAAGGCGGCCGCCTTCAA	154	0.0	59.74025974025974	20
GTCTAGGCTATAGCCTAGAC	180	6.111111111111111	36.111111111111114	19
CTATAGGACGCGTCCTATAG	192	0.0	51.5625	24
TCCGAGGTACGTACCTCGGA	423	0.0	43.73522458628842	40
TTAGAGGGACGTCCCTCTAA	952	32.878151260504204	86.34453781512605	69
CCATAGGTTCGAACCTATGG	462	7.359307359307359	48.701298701298704	52
GATGAGGCGGCCGCCTCATC	71	0.0	102.8169014084507	14
CTAAAGGGTTAACCCTTTAG	7439	45.58408388224224	54.67132679123538	205
CGTGAGGCGATCGCCTCACG	27	11.11111111111111	107.4074074074074	6
GTAAAGGCCCGGGCCTTTAC	217	0.0	52.534562211981566	30
TTCGAGGCCCGGGCCTCGAA	83	0.0	72.28915662650603	15
CATTAGGCTCGAGCCTAATG	430	0.23255813953488372	46.51162790697674	41
TGGAAGGCGTACGCCTTCCA	46	0.0	84.78260869565217	4
CCCAAGGTCGCGACCTTGGG	89	0.0	86.51685393258427	17
GGCGAGGTGTACACCTCGCC	12	0.0	66.66666666666667	2
AACGAGGGTATACCCTCGTT	332	0.0	33.13253012048193	31
GTCTAGGTCGCGACCTAGAC	455	0.0	35.824175824175825	33
CCTAAGGTGCGCACCTTAGG	483	0.0	32.298136645962735	53
AATGAGGATCGATCCTCATT	2745	33.66120218579235	60.87431693989071	127
CGGAAGGACTAGTCCTTCCG	476	11.134453781512605	44.95798319327731	47
ACGTAGGCGCGCGCCTACGT	56	0.0	114.28571428571429	7
AGTAAGGCCCGGGCCTTACT	301	0.33222591362126247	32.22591362126246	28
TTTAAGGCGATCGCCTTAAA	663	19.607843137254903	49.321266968325794	62
AGTAAGGTCCGGACCTTACT	863	4.9826187717265356	45.19119351100811	61
ATGTAGGACGCGTCCTACAT	483	0.8281573498964804	53.6231884057971	42
GTTGAGGACGCGTCCTCAAC	210	0.0	54.76190476190476	20
GATAAGGAGCGCTCCTTATC	712	7.584269662921348	42.13483146067416	67
TTATAGGGGTACCCCTATAA	3189	36.437754782063344	80.87174662903732	130
CTCGAGGATATATCCTCGAG	2297	35.872877666521546	48.106225511536785	117
GGCGAGGCTATAGCCTCGCC	32	0.0	9.375	8
CTCGAGGAGTACTCCTCGAG	243	0.0	47.325102880658434	20
AAACAGGTACGTACCTGTTT	2222	28.037803780378038	44.68946894689469	111
CCGTAGGTGGCCACCTACGG	174	0.0	50.57471264367816	19
CTGAAGGCGATCGCCTTCAG	208	4.8076923076923075	33.17307692307692	15
CTTAAGGTGCGCACCTTAAG	321	0.0	46.41744548286604	32
GCCGAGGTAGCTACCTCGGC	125	0.0	36.0	15
CACGAGGGGATCCCCTCGTG	286	0.0	36.36363636363637	35
CGGTAGGTCGCGACCTACCG	431	0.0	35.96287703016241	50
TGTTAGGTCTAGACCTAACA	4172	39.57334611697028	61.241610738255034	140
AACTAGGTCGCGACCTAGTT	609	4.105090311986864	43.34975369458128	48
GTCTAGGTTTAAACCTAGAC	4722	42.86319356204998	46.060991105463785	188
TCGTAGGGTTAACCCTACGA	1567	26.675175494575623	77.79195915762604	94
GATTAGGCGGCCGCCTAATC	229	0.0	30.56768558951965	27
GAATAGGTACGTACCTATTC	1909	26.76794133053955	49.869041382922994	110
CCCAAGGTTCGAACCTTGGG	581	0.3442340791738382	30.292598967297764	58
CGTAAGGCACGTGCCTTACG	350	0.0	31.142857142857142	27
ACGAAGGATGCATCCTTCGT	687	1.455604075691412	47.161572052401745	60
TCGAAGGGAATTCCCTTCGA	986	19.675456389452332	36.511156186612574	73
TGCGAGGCGATCGCCTCGCA	14	0.0	64.28571428571429	2
ACGAAGGAGCGCTCCTTCGT	300	0.0	49.0	36
CGTCAGGTCGCGACCTGACG	205	0.0	33.170731707317074	19
GATGAGGTCCGGACCTCATC	347	0.0	62.53602305475504	33
AAATAGGACGCGTCCTATTT	1708	23.82903981264637	49.004683840749415	94
TAGTAGGTTCGAACCTACTA	1940	29.84536082474227	62.628865979381445	114
CGTTAGGACATGTCCTAACG	98	0.0	133.6734693877551	12
CGAAAGGTCGCGACCTTTCG	240	0.0	49.166666666666664	30
GTTTAGGCGATCGCCTAAAC	305	1.3114754098360655	34.75409836065574	32
CGTGAGGCATATGCCTCACG	211	12.322274881516588	27.488151658767773	27
TAATAGGTCGCGACCTATTA	1268	29.574132492113566	51.18296529968454	80
TCCGAGGGTCGACCCTCGGA	277	0.0	40.7942238267148	29
GTACAGGTTCGAACCTGTAC	721	8.321775312066574	38.00277392510402	52
GTTGAGGATCGATCCTCAAC	749	5.473965287049399	62.082777036048064	66
GGTCAGGATATATCCTGACC	3652	39.12924424972618	57.420591456736034	135
ACGGAGGGTCGACCCTCCGT	383	0.0	39.947780678851174	38
TTGTAGGGCGCGCCCTACAA	180	0.0	70.0	19
CTCGAGGTTATAACCTCGAG	2055	38.78345498783455	44.57420924574209	97
CTCTAGGTACGTACCTAGAG	843	14.709371293001187	85.76512455516014	59
GATCAGGCGCGCGCCTGATC	195	0.0	30.76923076923077	17
ACTTAGGGTATACCCTAAGT	4626	37.05144833549503	84.71681798530048	160
CGTAAGGAAATTTCCTTACG	2058	38.629737609329446	46.112730806608354	109
CGAGAGGTTATAACCTCTCG	373	3.485254691689008	31.099195710455763	39
ATATAGGCTCGAGCCTATAT	1390	26.690647482014388	57.48201438848921	92
GGTTAGGGACGTCCCTAACC	372	0.0	29.032258064516128	35
CGTCAGGATGCATCCTGACG	266	0.0	55.26315789473684	32
TTTAAGGCTCGAGCCTTAAA	1349	22.9058561897702	39.288361749444036	85
ACTTAGGACGCGTCCTAAGT	395	2.7848101265822787	63.79746835443038	43
CCGAAGGTTTAAACCTTCGG	1899	45.023696682464454	29.120589784096893	97
TAGAAGGGCGCGCCCTTCTA	130	0.0	98.46153846153847	17
GCTTAGGCACGTGCCTAAGC	201	0.0	42.78606965174129	23
ACTGAGGACGCGTCCTCAGT	280	0.0	45.0	26
TCTAAGGCGCGCGCCTTAGA	286	0.0	36.01398601398601	34
CAGTAGGTACGTACCTACTG	375	5.333333333333333	60.0	48
TTCTAGGCCGCGGCCTAGAA	344	0.0	58.72093023255814	31
ATACAGGGTTAACCCTGTAT	3629	36.2358776522458	49.738219895287955	131
TGCAAGGGTCGACCCTTGCA	468	1.9230769230769231	43.8034188034188	43
GGTTAGGCTTAAGCCTAACC	419	36.0381861575179	50.11933174224344	51
AAGAAGGTCGCGACCTTCTT	435	0.6896551724137931	47.35632183908046	48
CGAAAGGGTCGACCCTTTCG	309	3.883495145631068	56.310679611650485	27
GCTTAGGACTAGTCCTAAGC	733	12.414733969986358	42.97407912687585	57
CGGTAGGAGTACTCCTACCG	463	5.399568034557236	38.66090712742981	34
GCGAAGGAGTACTCCTTCGC	323	0.6191950464396285	36.22291021671827	33
ACGGAGGTGGCCACCTCCGT	125	0.0	116.0	17
GTCAAGGCGGCCGCCTTGAC	5	0.0	580.0	2
TGAGAGGCGCGCGCCTCTCA	282	0.0	35.1063829787234	35
ATTTAGGGGTACCCCTAAAT	8077	44.27386405843754	66.12603689488671	202
CTCGAGGCGTACGCCTCGAG	41	0.0	24.390243902439025	2
ACCGAGGGCTAGCCCTCGGT	235	3.8297872340425534	27.659574468085108	29
GGGTAGGTAATTACCTACCC	838	20.883054892601432	39.260143198090695	64
GGTAAGGCGATCGCCTTACC	187	0.0	28.342245989304814	24
CGTTAGGACCGGTCCTAACG	446	0.0	42.37668161434978	43
TAGTAGGGGCGCCCCTACTA	171	0.0	49.12280701754386	22
AGTTAGGCGCGCGCCTAACT	278	0.0	44.60431654676259	25
ACTAAGGCGCGCGCCTTAGT	133	0.0	90.22556390977444	15
TTCTAGGGTCGACCCTAGAA	806	9.181141439205955	57.19602977667494	58
ATATAGGGTTAACCCTATAT	664	8.885542168674698	33.8855421686747	56
CCGGAGGGAATTCCCTCCGG	390	0.2564102564102564	28.205128205128204	39
CGTTAGGAACGTTCCTAACG	337	0.0	53.41246290801187	28
TATAAGGCCGCGGCCTTATA	245	2.0408163265306123	56.734693877551024	26
GGTAAGGAACGTTCCTTACC	429	0.0	38.6946386946387	35
ATCTAGGCGTACGCCTAGAT	164	0.0	55.48780487804878	16
GTTAAGGGGCGCCCCTTAAC	314	0.0	37.5796178343949	33
TCGCAGGCTTAAGCCTGCGA	12	0.0	16.666666666666668	2
TACGAGGCTTAAGCCTCGTA	622	39.22829581993569	46.78456591639871	44
GTGTAGGACGCGTCCTACAC	281	0.0	45.90747330960854	31
TGATAGGTGCGCACCTATCA	661	0.15128593040847202	40.39334341906203	54
GCATAGGGGCGCCCCTATGC	173	0.5780346820809249	55.49132947976879	16
CGAAAGGGCCGGCCCTTTCG	315	0.0	26.349206349206348	32
TGTTAGGGCTAGCCCTAACA	368	0.0	30.434782608695652	30
CATAAGGTCCGGACCTTATG	1019	14.622178606476938	43.277723258096174	77
TGCGAGGGTTAACCCTCGCA	238	0.0	19.747899159663866	20
ATTGAGGGTCGACCCTCAAT	764	18.717277486910994	49.21465968586387	69
CGTTAGGCAGCTGCCTAACG	244	0.0	32.78688524590164	23
GCGGAGGACTAGTCCTCCGC	100	6.0	34.0	20
CGTGAGGTCGCGACCTCACG	146	0.0	45.89041095890411	23
ATTGAGGGGCGCCCCTCAAT	289	0.0	29.06574394463668	31
GTCAAGGAGCGCTCCTTGAC	438	0.0	41.32420091324201	40
ACCGAGGTTCGAACCTCGGT	427	0.0	38.875878220140514	47
CTTAAGGGGATCCCCTTAAG	142	0.0	77.46478873239437	15
TTCGAGGTGCGCACCTCGAA	245	0.0	51.42857142857143	26
ACAAAGGACCGGTCCTTTGT	670	5.6716417910447765	48.059701492537314	72
GGCGAGGATTAATCCTCGCC	452	15.929203539823009	34.29203539823009	33
CGAGAGGGTGCACCCTCTCG	303	0.0	36.96369636963696	31
TTCTAGGTCCGGACCTAGAA	739	17.861975642760488	42.625169147496614	55
CCAGAGGATCGATCCTCTGG	134	0.0	120.8955223880597	20
AGCTAGGCGTACGCCTAGCT	119	25.210084033613445	26.050420168067227	11
CGCAAGGGTATACCCTTGCG	188	22.872340425531913	55.319148936170215	19
TCCGAGGATCGATCCTCGGA	497	1.8108651911468814	40.241448692152915	51
GGTACAGGTATACCTGTACC	115	0.0	29.565217391304348	18
TACGCAGGGCGCCCTGCGTA	16	0.0	181.25	3
TCGAAAGGTATACCTTTCGA	175	0.0	29.714285714285715	12
CGCTAAGGCCGGCCTTAGCG	29	0.0	89.65517241379311	5
