guide	sequence_count	percent_correct_target	percent_other_target	number_of_other_targets
TAACAGGCGATCGCCTGTTA	156	0.0	61.53846153846154	67
ATAGAGGATCGATCCTCTAT	3673	29.812142662673565	68.82657228423632	246
TGTTAGGCCTAGGCCTAACA	674	18.84272997032641	60.089020771513354	119
TTAAAGGCGCGCGCCTTTAA	220	0.45454545454545453	50.45454545454545	75
GACAAGGATTAATCCTTGTC	5414	33.46878463243443	70.98263760620613	264
TAACAGGCGTACGCCTGTTA	205	12.682926829268293	58.048780487804876	63
TCGTAGGGTATACCCTACGA	1948	25.770020533880903	66.32443531827515	207
TGCGAGGATCGATCCTCGCA	392	0.0	55.86734693877551	101
ACCTAGGGTGCACCCTAGGT	455	1.5384615384615385	54.065934065934066	119
CGAGAGGTCGCGACCTCTCG	178	0.0	56.741573033707866	70
GATCAGGTCCGGACCTGATC	430	2.0930232558139537	53.25581395348837	109
CCGTAGGCTTAAGCCTACGG	33	0.0	57.57575757575758	17
CAAGAGGACCGGTCCTCTTG	394	0.5076142131979695	53.807106598984774	118
GGTAAGGCACGTGCCTTACC	179	0.5586592178770949	54.74860335195531	66
GCTCAGGCGTACGCCTGAGC	9	0.0	77.77777777777777	7
TCTTAGGACCGGTCCTAAGA	591	10.321489001692047	57.36040609137056	126
AATGAGGAGCGCTCCTCATT	469	2.1321961620469083	54.79744136460555	125
AATAAGGGTCGACCCTTATT	2874	29.819067501739735	71.22477383437717	228
GACGAGGTACGTACCTCGTC	622	0.8038585209003215	54.662379421221864	135
GTTGAGGAGCGCTCCTCAAC	265	0.0	56.22641509433962	95
GCGTAGGGTCGACCCTACGC	132	0.0	50.0	54
GCATAGGAGCGCTCCTATGC	213	0.0	53.051643192488264	74
AAACAGGGGCGCCCCTGTTT	284	0.352112676056338	60.563380281690144	95
ATTAAGGCGATCGCCTTAAT	1010	22.673267326732674	64.95049504950495	155
CCCTAGGTAGCTACCTAGGG	212	0.4716981132075472	51.886792452830186	77
TTACAGGGCGCGCCCTGTAA	168	0.0	55.357142857142854	60
CTATAGGACCGGTCCTATAG	599	13.689482470784641	57.595993322203675	126
TCTAAGGTACGTACCTTAGA	242	0.4132231404958678	53.30578512396694	83
GGGTAGGTTCGAACCTACCC	266	4.511278195488722	55.6390977443609	89
GATTAGGCGATCGCCTAATC	130	0.0	63.84615384615385	62
GACGAGGTGCGCACCTCGTC	346	0.0	62.716763005780344	109
ATACAGGCGTACGCCTGTAT	194	15.463917525773196	62.88659793814433	67
TAGTAGGGAATTCCCTACTA	3256	29.883292383292382	69.1031941031941	232
GTGTAGGAGTACTCCTACAC	197	1.015228426395939	57.36040609137056	79
TCGAAGGTACGTACCTTCGA	655	2.1374045801526718	50.38167938931298	133
ACGAAGGTATATACCTTCGT	290	0.6896551724137931	53.793103448275865	91
ACGCAGGGATATCCCTGCGT	145	0.0	50.3448275862069	49
GCTTAGGTTGCAACCTAAGC	262	3.053435114503817	54.961832061068705	78
CACGAGGTGGCCACCTCGTG	156	0.0	63.46153846153846	68
CGTAAGGATCGATCCTTACG	470	7.659574468085107	54.255319148936174	102
AACCAGGTACGTACCTGGTT	980	8.061224489795919	54.183673469387756	163
CCGGAGGGTATACCCTCCGG	488	11.680327868852459	58.40163934426229	107
GTATAGGTGCGCACCTATAC	189	0.0	60.317460317460316	73
GTCCAGGCGATCGCCTGGAC	61	0.0	49.18032786885246	28
GCCGAGGAGTACTCCTCGGC	115	3.4782608695652173	58.26086956521739	52
CGTAAGGCCGCGGCCTTACG	65	0.0	73.84615384615384	40
CTTTAGGCGTACGCCTAAAG	244	15.98360655737705	56.557377049180324	68
CAGTAGGTTTAAACCTACTG	171	0.0	57.89473684210526	66
AGTTAGGTCGCGACCTAACT	174	0.0	56.89655172413793	64
CATAAGGGCGCGCCCTTATG	195	0.0	52.82051282051282	69
CGGAAGGTCGCGACCTTCCG	159	0.0	62.893081761006286	66
GAACAGGGCGCGCCCTGTTC	108	0.0	59.25925925925926	54
AGGTAGGTTCGAACCTACCT	841	13.912009512485136	58.14506539833531	151
GTTAAGGAACGTTCCTTAAC	1219	21.821164889253488	62.51025430680886	171
CTAAAGGGTCGACCCTTTAG	773	15.523932729624839	62.22509702457956	145
TAGTAGGCTCGAGCCTACTA	420	7.857142857142857	52.857142857142854	108
TCTAAGGGACGTCCCTTAGA	1863	28.019323671497585	64.51959205582394	189
TACAAGGGCCGGCCCTTGTA	288	0.3472222222222222	55.208333333333336	88
TGCTAGGTCGCGACCTAGCA	390	0.2564102564102564	55.64102564102564	106
ACAAAGGTTCGAACCTTTGT	1639	23.184868822452714	64.85661989017694	201
CCGAAGGCACGTGCCTTCGG	60	0.0	53.333333333333336	27
CTCGAGGGTGCACCCTCGAG	145	0.0	59.310344827586206	59
CGAAAGGCGGCCGCCTTTCG	56	0.0	62.5	27
TCCGAGGCATATGCCTCGGA	159	13.20754716981132	66.0377358490566	55
ATAAAGGGCGCGCCCTTTAT	212	0.0	54.716981132075475	79
GCGTAGGATATATCCTACGC	1057	24.219489120151373	64.61684011352885	163
TAAGAGGGACGTCCCTCTTA	908	14.757709251101321	59.140969162995596	161
TTGGAGGTTCGAACCTCCAA	498	6.827309236947791	54.01606425702811	120
TATTAGGCCCGGGCCTAATA	352	10.795454545454545	59.94318181818182	97
CGTCAGGACATGTCCTGACG	289	6.228373702422146	55.70934256055364	85
AACTAGGAACGTTCCTAGTT	1564	24.232736572890026	66.11253196930946	191
CGCTAGGTGCGCACCTAGCG	168	0.0	64.88095238095238	66
CTCTAGGGTCGACCCTAGAG	222	0.0	55.85585585585586	82
TACGAGGTAGCTACCTCGTA	735	10.748299319727892	53.87755102040816	133
GTCTAGGTTGCAACCTAGAC	372	3.4946236559139785	55.10752688172043	108
TTGTAGGGTATACCCTACAA	232	1.7241379310344827	60.775862068965516	85
ATGGAGGACGCGTCCTCCAT	280	0.0	55.714285714285715	86
GTATAGGTGATCACCTATAC	2407	30.577482343165766	69.09015371832156	217
TTATAGGCGCGCGCCTATAA	146	0.0	60.273972602739725	71
CCGGAGGACATGTCCTCCGG	90	0.0	57.77777777777778	42
CGTTAGGAAGCTTCCTAACG	337	2.373887240356083	53.41246290801187	98
GATAAGGTCTAGACCTTATC	4299	35.47336589904629	71.76087462200512	257
TAGGAGGTTCGAACCTCCTA	1163	17.540842648323302	60.27515047291487	179
ACCTAGGCGTACGCCTAGGT	296	16.554054054054053	64.52702702702703	85
TGTTAGGACGCGTCCTAACA	471	4.246284501061571	52.86624203821656	102
AACGAGGTACGTACCTCGTT	664	4.819277108433735	51.6566265060241	141
ACGAAGGACATGTCCTTCGT	750	9.866666666666667	56.0	142
AACGAGGGCCGGCCCTCGTT	210	0.0	60.476190476190474	76
TCGAAGGGTATACCCTTCGA	202	0.0	49.00990099009901	68
ATCGAGGTCGCGACCTCGAT	290	0.0	52.758620689655174	93
TCTAAGGACCGGTCCTTAGA	798	12.406015037593985	53.88471177944862	129
TCCAAGGCGTACGCCTTGGA	115	13.043478260869565	62.608695652173914	43
GCTAAGGGTATACCCTTAGC	162	0.6172839506172839	51.851851851851855	63
GAACAGGTACGTACCTGTTC	222	0.0	57.207207207207205	82
CGTAAGGGCGCGCCCTTACG	203	0.0	57.635467980295566	74
CGCTAGGCATATGCCTAGCG	75	16.0	65.33333333333333	34
AACTAGGGCCGGCCCTAGTT	270	0.37037037037037035	55.925925925925924	94
CCAAAGGCGCGCGCCTTTGG	86	0.0	58.13953488372093	40
GTCAAGGGGCGCCCCTTGAC	245	0.40816326530612246	57.142857142857146	84
GAATAGGCTCGAGCCTATTC	366	9.289617486338798	56.557377049180324	102
TCATAGGTTCGAACCTATGA	3365	29.777117384843983	67.07280832095097	232
CGCTAGGATGCATCCTAGCG	176	0.0	58.52272727272727	62
AAGTAGGGGCGCCCCTACTT	227	0.44052863436123346	59.47136563876652	84
CCGTAGGCAGCTGCCTACGG	44	0.0	65.9090909090909	23
CCGGAGGATCGATCCTCCGG	219	0.0	54.794520547945204	78
AACGAGGCTTAAGCCTCGTT	344	19.186046511627907	70.34883720930233	98
TCGCAGGGACGTCCCTGCGA	217	0.0	54.3778801843318	79
GTCTAGGTCCGGACCTAGAC	296	0.6756756756756757	52.7027027027027	88
TGGTAGGCGCGCGCCTACCA	127	0.0	65.35433070866142	61
TGTAAGGTCGCGACCTTACA	257	0.38910505836575876	56.42023346303502	90
GTCGAGGACGCGTCCTCGAC	107	0.0	60.74766355140187	51
TGCGAGGAGATCTCCTCGCA	459	2.396514161220044	50.326797385620914	117
CAATAGGCGGCCGCCTATTG	126	0.0	58.73015873015873	53
AACTAGGACGCGTCCTAGTT	554	4.512635379061372	52.888086642599276	128
TTCGAGGCGGCCGCCTCGAA	72	0.0	59.72222222222222	31
CACGAGGTACGTACCTCGTG	264	1.5151515151515151	51.13636363636363	82
TCGTAGGCCTAGGCCTACGA	133	11.278195488721805	69.17293233082707	50
AACGAGGTATATACCTCGTT	2223	29.68960863697706	67.92622582096266	208
GCGTAGGTAGCTACCTACGC	232	0.8620689655172413	53.44827586206897	77
TCTAAGGCGATCGCCTTAGA	502	6.972111553784861	56.57370517928287	112
TTGCAGGCGATCGCCTGCAA	37	0.0	56.75675675675676	18
ACGTAGGGTTAACCCTACGT	1333	25.8814703675919	67.29182295573894	171
AGCTAGGTGCGCACCTAGCT	274	0.36496350364963503	58.394160583941606	87
ACGGAGGATGCATCCTCCGT	407	3.43980343980344	55.03685503685504	113
TAGAAGGGGCGCCCCTTCTA	244	0.0	61.0655737704918	89
CACTAGGCGTACGCCTAGTG	73	17.80821917808219	53.42465753424658	25
GATTAGGCCGCGGCCTAATC	152	0.0	53.94736842105263	55
ATCGAGGATGCATCCTCGAT	892	6.278026905829597	54.596412556053814	164
CGCTAGGCGATCGCCTAGCG	44	2.272727272727273	59.09090909090909	20
CGATAGGCTCGAGCCTATCG	255	1.5686274509803921	54.11764705882353	86
GGTAAGGGCGCGCCCTTACC	81	0.0	70.37037037037037	42
GAGTAGGAGCGCTCCTACTC	253	0.0	56.126482213438734	91
TAATAGGGGTACCCCTATTA	171	2.3391812865497075	50.292397660818715	61
AACGAGGGAGCTCCCTCGTT	232	0.43103448275862066	58.189655172413794	90
CCATAGGTGTACACCTATGG	1092	19.047619047619047	63.553113553113555	173
ACGGAGGGGTACCCCTCCGT	214	0.9345794392523364	55.60747663551402	75
GCGTAGGACGCGTCCTACGC	95	0.0	57.89473684210526	41
GGTTAGGACGCGTCCTAACC	248	0.8064516129032258	54.83870967741935	87
TATCAGGGGGCCCCCTGATA	165	0.0	56.36363636363637	69
GCCGAGGATTAATCCTCGGC	135	9.62962962962963	54.81481481481482	46
CTTAAGGGGTACCCCTTAAG	2949	29.67107494065785	70.05764665988471	227
CGTTAGGCGATCGCCTAACG	74	0.0	59.45945945945946	36
CTATAGGTGTACACCTATAG	3861	31.623931623931625	68.58326858326858	237
ATGTAGGGACGTCCCTACAT	746	8.579088471849866	52.54691689008043	143
AACGAGGCACGTGCCTCGTT	241	0.8298755186721992	56.016597510373444	85
AGCGAGGGTCGACCCTCGCT	137	0.0	62.77372262773723	61
GACGAGGTCTAGACCTCGTC	161	0.0	58.38509316770186	69
TAGCAGGCGCGCGCCTGCTA	60	0.0	65.0	30
CACGAGGCTTAAGCCTCGTG	14	0.0	28.571428571428573	4
ATACAGGCGGCCGCCTGTAT	173	0.0	59.53757225433526	69
ACGGAGGTGATCACCTCCGT	452	2.2123893805309733	54.64601769911504	113
ACTAAGGTGTACACCTTAGT	280	0.7142857142857143	57.142857142857146	100
TTGGAGGCGCGCGCCTCCAA	120	0.0	71.66666666666667	70
GGATAGGAGTACTCCTATCC	803	17.80821917808219	61.394769613947695	140
CTGTAGGGACGTCCCTACAG	302	1.6556291390728477	57.94701986754967	94
CGATAGGTTATAACCTATCG	4061	32.627431667077076	71.73110071410983	251
ATGTAGGGTATACCCTACAT	269	1.1152416356877324	52.78810408921933	89
TGTCAGGTACGTACCTGACA	853	9.261430246189917	50.293083235638925	150
GGCGAGGTATATACCTCGCC	38	0.0	60.526315789473685	22
TCGCAGGATTAATCCTGCGA	385	11.428571428571429	57.66233766233766	98
CCTTAGGTCGCGACCTAAGG	192	0.0	57.291666666666664	76
TGATAGGGACGTCCCTATCA	1278	18.857589984350547	62.519561815336466	181
TCTAAGGGGTACCCCTTAGA	3025	29.75206611570248	68.62809917355372	231
CGAAAGGCTATAGCCTTTCG	392	19.642857142857142	64.54081632653062	98
TCGAAGGACATGTCCTTCGA	1101	17.983651226158038	59.309718437783836	154
ACCGAGGATTAATCCTCGGT	226	0.4424778761061947	49.11504424778761	69
TCGGAGGAACGTTCCTCCGA	374	0.26737967914438504	55.080213903743314	104
TACTAGGACGCGTCCTAGTA	264	0.0	56.43939393939394	87
TTGAAGGCGGCCGCCTTCAA	156	0.0	58.97435897435897	66
GTCTAGGCTATAGCCTAGAC	112	0.8928571428571429	58.035714285714285	43
CTATAGGACGCGTCCTATAG	178	0.5617977528089888	55.61797752808989	63
TCCGAGGTACGTACCTCGGA	365	2.191780821917808	50.68493150684932	95
TTAGAGGGACGTCCCTCTAA	1311	23.18840579710145	62.70022883295194	174
CCATAGGTTCGAACCTATGG	417	5.755395683453237	53.9568345323741	106
GATGAGGCGGCCGCCTCATC	117	0.8547008547008547	62.39316239316239	54
CTAAAGGGTTAACCCTTTAG	5708	33.51436580238262	71.25087596355992	269
CGTGAGGCGATCGCCTCACG	50	0.0	58.0	21
GTAAAGGCCCGGGCCTTTAC	178	1.1235955056179776	64.04494382022472	78
TTCGAGGCCCGGGCCTCGAA	84	0.0	71.42857142857143	43
CATTAGGCTCGAGCCTAATG	360	5.277777777777778	55.55555555555556	93
TGGAAGGCGTACGCCTTCCA	62	14.516129032258064	62.903225806451616	30
CCCAAGGTCGCGACCTTGGG	128	0.0	60.15625	54
GGCGAGGTGTACACCTCGCC	17	0.0	47.05882352941177	8
AACGAGGGTATACCCTCGTT	207	0.0	53.14009661835749	77
GTCTAGGTCGCGACCTAGAC	270	0.37037037037037035	60.370370370370374	98
CCTAAGGTGCGCACCTTAGG	278	1.4388489208633093	56.115107913669064	91
AATGAGGATCGATCCTCATT	2542	25.334382376081827	65.73564122738001	214
CGGAAGGACTAGTCCTTCCG	363	10.743801652892563	58.95316804407714	106
ACGTAGGCGCGCGCCTACGT	101	0.0	63.366336633663366	47
AGTAAGGCCCGGGCCTTACT	166	1.8072289156626506	58.433734939759034	63
TTTAAGGCGATCGCCTTAAA	534	15.917602996254681	61.235955056179776	114
AGTAAGGTCCGGACCTTACT	699	8.15450643776824	55.79399141630901	135
ATGTAGGACGCGTCCTACAT	490	4.6938775510204085	52.857142857142854	117
GTTGAGGACGCGTCCTCAAC	217	0.0	52.995391705069125	74
GATAAGGAGCGCTCCTTATC	595	7.0588235294117645	50.42016806722689	128
TTATAGGGGTACCCCTATAA	3715	29.986541049798117	69.42126514131898	248
CTCGAGGATATATCCTCGAG	1659	23.688969258589513	66.60638939119951	192
GGCGAGGCTATAGCCTCGCC	4	25.0	75.0	3
CTCGAGGAGTACTCCTCGAG	216	0.0	53.24074074074074	79
AAACAGGTACGTACCTGTTT	1513	24.52081956378057	65.63119629874421	198
CCGTAGGTGGCCACCTACGG	143	0.0	61.53846153846154	65
CTGAAGGCGATCGCCTTCAG	127	3.1496062992125986	54.330708661417326	48
CTTAAGGTGCGCACCTTAAG	233	0.4291845493562232	63.94849785407725	94
GCCGAGGTAGCTACCTCGGC	85	0.0	52.94117647058823	38
CACGAGGGGATCCCCTCGTG	201	0.0	51.74129353233831	68
CGGTAGGTCGCGACCTACCG	246	0.0	63.00813008130081	90
TGTTAGGTCTAGACCTAACA	3663	33.96123396123396	69.75156975156975	236
AACTAGGTCGCGACCTAGTT	520	3.6538461538461537	50.76923076923077	114
GTCTAGGTTTAAACCTAGAC	3104	31.572164948453608	70.07087628865979	236
TCGTAGGGTTAACCCTACGA	1792	29.631696428571427	68.02455357142857	204
GATTAGGCGGCCGCCTAATC	132	0.7575757575757576	53.03030303030303	48
GAATAGGTACGTACCTATTC	1483	25.488873904248145	64.19420094403236	176
CCCAAGGTTCGAACCTTGGG	328	1.2195121951219512	53.65853658536585	103
CGTAAGGCACGTGCCTTACG	206	3.883495145631068	52.9126213592233	72
ACGAAGGATGCATCCTTCGT	583	5.145797598627787	55.5746140651801	131
TCGAAGGGAATTCCCTTCGA	591	11.336717428087987	60.91370558375635	128
TGCGAGGCGATCGCCTCGCA	18	0.0	50.0	9
ACGAAGGAGCGCTCCTTCGT	238	0.0	61.76470588235294	89
CGTCAGGTCGCGACCTGACG	114	0.0	59.64912280701754	53
GATGAGGTCCGGACCTCATC	377	0.26525198938992045	57.55968169761273	105
AAATAGGACGCGTCCTATTT	1319	22.365428354814252	63.45716451857468	180
TAGTAGGTTCGAACCTACTA	1801	27.429205996668518	67.46252082176568	198
CGTTAGGACATGTCCTAACG	226	0.0	57.9646017699115	71
CGAAAGGTCGCGACCTTTCG	185	0.0	63.78378378378378	79
GTTTAGGCGATCGCCTAAAC	226	0.4424778761061947	46.902654867256636	70
CGTGAGGCATATGCCTCACG	91	10.989010989010989	63.73626373626374	38
TAATAGGTCGCGACCTATTA	1009	21.40733399405352	64.3211100099108	159
TCCGAGGGTCGACCCTCGGA	211	0.0	53.55450236966825	70
GTACAGGTTCGAACCTGTAC	513	5.847953216374269	53.41130604288499	116
GTTGAGGATCGATCCTCAAC	791	10.872313527180784	58.78634639696587	147
GGTCAGGATATATCCTGACC	3015	32.039800995024876	69.55223880597015	222
ACGGAGGGTCGACCCTCCGT	259	0.7722007722007722	59.07335907335907	92
TTGTAGGGCGCGCCCTACAA	207	0.0	60.869565217391305	78
CTCGAGGTTATAACCTCGAG	1341	27.218493661446683	68.30723340790455	169
CTCTAGGTACGTACCTAGAG	1132	21.996466431095406	63.869257950530034	163
GATCAGGCGCGCGCCTGATC	103	0.0	58.25242718446602	49
ACTTAGGGTATACCCTAAGT	5469	34.722984092155784	71.65843847138416	267
CGTAAGGAAATTTCCTTACG	1417	24.347212420606915	66.97247706422019	197
CGAGAGGTTATAACCTCTCG	189	1.0582010582010581	61.37566137566137	78
ATATAGGCTCGAGCCTATAT	1198	22.036727879799667	66.69449081803005	168
GGTTAGGGACGTCCCTAACC	182	0.0	59.34065934065934	76
CGTCAGGATGCATCCTGACG	274	1.094890510948905	53.64963503649635	85
TTTAAGGCTCGAGCCTTAAA	823	21.2636695018226	64.3985419198056	140
ACTTAGGACGCGTCCTAAGT	459	4.57516339869281	54.90196078431372	123
CCGAAGGTTTAAACCTTCGG	894	23.713646532438478	61.85682326621924	141
TAGAAGGGCGCGCCCTTCTA	191	1.0471204188481675	67.01570680628272	77
GCTTAGGCACGTGCCTAAGC	155	0.0	55.483870967741936	58
ACTGAGGACGCGTCCTCAGT	232	0.0	54.310344827586206	77
TCTAAGGCGCGCGCCTTAGA	177	0.0	58.19209039548023	68
CAGTAGGTACGTACCTACTG	451	5.5432372505543235	49.889135254988915	104
CGCGAGGACATGTCCTCGCG	32	6.25	59.375	17
TTCTAGGCCGCGGCCTAGAA	359	1.1142061281337048	56.26740947075209	111
ATACAGGGTTAACCCTGTAT	2647	29.127313940309783	68.19040423120514	217
TGCAAGGGTCGACCCTTGCA	330	0.30303030303030304	62.121212121212125	103
GGTTAGGCTTAAGCCTAACC	323	21.671826625387	65.015479876161	86
AAGAAGGTCGCGACCTTCTT	399	1.2531328320802004	51.62907268170426	107
CGAAAGGGTCGACCCTTTCG	313	1.597444089456869	55.59105431309904	97
GCTTAGGACTAGTCCTAAGC	548	13.503649635036496	57.481751824817515	122
CGGTAGGAGTACTCCTACCG	365	4.931506849315069	49.04109589041096	87
GCGAAGGAGTACTCCTTCGC	200	1.0	58.5	70
ACGGAGGTGGCCACCTCCGT	220	1.8181818181818181	65.9090909090909	86
GTCAAGGCGGCCGCCTTGAC	49	0.0	59.183673469387756	21
TGAGAGGCGCGCGCCTCTCA	160	0.0	61.875	60
ATTTAGGGGTACCCCTAAAT	7412	35.69886670264436	72.05882352941177	271
CTCGAGGCGTACGCCTCGAG	12	41.666666666666664	83.33333333333333	6
ACCGAGGGCTAGCCCTCGGT	114	2.6315789473684212	57.01754385964912	39
GGGTAGGTAATTACCTACCC	531	17.702448210922785	61.95856873822976	128
GGTAAGGCGATCGCCTTACC	98	0.0	54.08163265306123	41
CGTTAGGACCGGTCCTAACG	352	0.0	53.69318181818182	94
TAGTAGGGGCGCCCCTACTA	158	0.0	53.164556962025316	68
AGTTAGGCGCGCGCCTAACT	188	0.0	65.95744680851064	77
ACTAAGGCGCGCGCCTTAGT	192	0.0	62.5	78
TTCTAGGGTCGACCCTAGAA	885	12.203389830508474	52.090395480225986	136
ATATAGGGTTAACCCTATAT	373	12.868632707774799	60.32171581769437	103
CCGGAGGGAATTCCCTCCGG	223	4.0358744394618835	49.327354260089685	73
CGTTAGGAACGTTCCTAACG	352	0.5681818181818182	51.13636363636363	100
TATAAGGCCGCGGCCTTATA	227	3.5242290748898677	61.23348017621145	80
GGTAAGGAACGTTCCTTACC	299	0.33444816053511706	55.51839464882943	94
ATCTAGGCGTACGCCTAGAT	150	2.0	60.666666666666664	60
GTTAAGGGGCGCCCCTTAAC	188	0.0	62.765957446808514	80
TCGCAGGCTTAAGCCTGCGA	3	0.0	66.66666666666667	2
TACGAGGCTTAAGCCTCGTA	427	20.374707259953162	68.14988290398126	104
GTGTAGGACGCGTCCTACAC	233	0.4291845493562232	55.36480686695279	87
TGATAGGTGCGCACCTATCA	536	1.3059701492537314	49.8134328358209	130
GCATAGGGGCGCCCCTATGC	189	0.0	50.79365079365079	75
CGAAAGGGCCGGCCCTTTCG	130	0.0	63.84615384615385	61
TGTTAGGGCTAGCCCTAACA	182	0.0	61.53846153846154	77
CATAAGGTCCGGACCTTATG	788	13.705583756345177	55.964467005076145	150
TGCGAGGGTTAACCCTCGCA	85	0.0	55.294117647058826	38
ATTGAGGGTCGACCCTCAAT	683	8.784773060029282	55.051244509516835	141
CGTTAGGCAGCTGCCTAACG	150	1.3333333333333333	53.333333333333336	57
GCGGAGGACTAGTCCTCCGC	62	6.451612903225806	54.83870967741935	23
CGTGAGGTCGCGACCTCACG	104	0.0	64.42307692307692	51
ATTGAGGGGCGCCCCTCAAT	162	0.0	51.851851851851855	60
GTCAAGGAGCGCTCCTTGAC	315	0.0	57.46031746031746	95
ACCGAGGTTCGAACCTCGGT	314	1.5923566878980893	52.86624203821656	94
CTTAAGGGGATCCCCTTAAG	187	0.0	58.8235294117647	67
TTCGAGGTGCGCACCTCGAA	239	0.0	52.71966527196653	89
ACAAAGGACCGGTCCTTTGT	583	4.974271012006861	55.23156089193825	131
GGCGAGGATTAATCCTCGCC	240	16.25	64.58333333333333	77
CGAGAGGGTGCACCCTCTCG	197	1.5228426395939085	56.85279187817259	72
TTCTAGGTCCGGACCTAGAA	567	7.583774250440917	55.55555555555556	124
CCAGAGGATCGATCCTCTGG	270	0.0	60.0	90
AGCTAGGCGTACGCCTAGCT	48	14.583333333333334	64.58333333333333	23
CGCAAGGGTATACCCTTGCG	189	14.814814814814815	55.026455026455025	57
TCCGAGGATCGATCCTCGGA	388	0.25773195876288657	51.54639175257732	110
GGTACAGGTATACCTGTACC	66	0.0	51.515151515151516	32
TACGCAGGGCGCCCTGCGTA	53	0.0	54.716981132075475	24
TCGAAAGGTATACCTTTCGA	77	2.5974025974025974	67.53246753246754	41
CGCTAAGGCCGGCCTTAGCG	48	0.0	54.166666666666664	19
