guide	sequence_count	percent_correct_target	percent_other_target	number_of_other_targets
TAACAGGCGATCGCCTGTTA	799	0.1251564455569462	13.016270337922403	110
ATAGAGGATCGATCCTCTAT	13421	29.051486476417555	20.06556888458386	288
TGTTAGGCCTAGGCCTAACA	3200	19.5	13.4375	203
TTAAAGGCGCGCGCCTTTAA	1035	0.0966183574879227	14.58937198067633	134
GACAAGGATTAATCCTTGTC	33276	40.83724005289097	14.031133549705494	304
TAACAGGCGTACGCCTGTTA	995	14.874371859296483	10.150753768844222	123
TCGTAGGGTATACCCTACGA	7369	20.762654362871487	21.495453928619895	257
TGCGAGGATCGATCCTCGCA	2647	0.18889308651303363	8.046845485455233	199
ACCTAGGGTGCACCCTAGGT	2523	4.122076892588189	10.305192231470471	198
CGAGAGGTCGCGACCTCTCG	654	0.0	13.149847094801224	93
GATCAGGTCCGGACCTGATC	2158	0.3707136237256719	12.187210379981464	173
CCGTAGGCTTAAGCCTACGG	249	0.0	6.827309236947791	44
CAAGAGGACCGGTCCTCTTG	2404	0.24958402662229617	10.856905158069884	196
GGTAAGGCACGTGCCTTACC	953	0.1049317943336831	11.017838405036725	118
GCTCAGGCGTACGCCTGAGC	23	17.391304347826086	8.695652173913043	8
TCTTAGGACCGGTCCTAAGA	3074	4.13142485361093	13.50032530904359	204
AATGAGGAGCGCTCCTCATT	2005	1.0473815461346634	12.917705735660848	169
AATAAGGGTCGACCCTTATT	13644	32.270595133391964	14.313984168865435	292
GACGAGGTACGTACCTCGTC	3255	0.15360983102918588	11.551459293394776	212
GTTGAGGAGCGCTCCTCAAC	862	0.0	19.48955916473318	122
GCGTAGGGTCGACCCTACGC	747	0.0	10.174029451137885	109
GCATAGGAGCGCTCCTATGC	1107	0.0	11.02077687443541	126
AAACAGGGGCGCCCCTGTTT	1687	0.17783046828689983	9.780675755779491	158
ATTAAGGCGATCGCCTTAAT	5202	17.493271818531333	11.84159938485198	235
CCCTAGGTAGCTACCTAGGG	444	0.0	28.82882882882883	82
TTACAGGGCGCGCCCTGTAA	869	0.11507479861910241	13.003452243958574	115
CTATAGGACCGGTCCTATAG	1519	7.109940750493746	25.148123765635287	152
TCTAAGGTACGTACCTTAGA	1366	1.171303074670571	15.666178623718887	140
GGGTAGGTTCGAACCTACCC	1630	2.8220858895705523	8.036809815950921	158
GATTAGGCGATCGCCTAATC	440	0.0	17.954545454545453	76
GACGAGGTGCGCACCTCGTC	1310	0.0	13.358778625954198	159
ATACAGGCGTACGCCTGTAT	1013	17.47285291214215	12.63573543928924	113
TAGTAGGGAATTCCCTACTA	9073	27.862889893089385	29.207538851537528	271
GTGTAGGAGTACTCCTACAC	1163	0.17196904557179707	14.789337919174548	131
TCGAAGGTACGTACCTTCGA	3012	2.689243027888446	11.122177954847277	208
ACGAAGGTATATACCTTCGT	1464	1.092896174863388	14.139344262295081	133
ACGCAGGGATATCCCTGCGT	637	0.0	14.1287284144427	85
GCTTAGGTTGCAACCTAAGC	1437	2.0180932498260264	11.899791231732777	150
CACGAGGTGGCCACCTCGTG	806	0.0	4.590570719602978	111
CGTAAGGATCGATCCTTACG	2390	4.7698744769874475	13.179916317991632	173
AACCAGGTACGTACCTGGTT	5223	6.835152211372774	11.908864637181697	231
CCGGAGGGTATACCCTCCGG	2198	15.423111919927207	14.285714285714286	168
GTATAGGTGCGCACCTATAC	682	0.0	17.59530791788856	106
GTCCAGGCGATCGCCTGGAC	153	0.0	13.071895424836601	22
GCCGAGGAGTACTCCTCGGC	918	1.0893246187363834	9.586056644880175	106
CGTAAGGCCGCGGCCTTACG	171	0.5847953216374269	21.637426900584796	46
CTTTAGGCGTACGCCTAAAG	1599	11.757348342714197	9.943714821763603	152
CAGTAGGTTTAAACCTACTG	833	2.0408163265306123	13.68547418967587	118
AGTTAGGTCGCGACCTAACT	979	0.0	14.402451481103167	117
CATAAGGGCGCGCCCTTATG	1078	1.8552875695732838	12.430426716141001	132
CGGAAGGTCGCGACCTTCCG	685	0.0	14.306569343065693	103
GAACAGGGCGCGCCCTGTTC	554	0.0	10.830324909747292	87
AGGTAGGTTCGAACCTACCT	4324	15.379278445883442	11.864014801110084	218
GTTAAGGAACGTTCCTTAAC	6611	18.33308122825594	13.235516563303586	253
CTAAAGGGTCGACCCTTTAG	4269	14.07823846334036	11.806043569922698	235
TAGTAGGCTCGAGCCTACTA	2214	3.5230352303523036	11.11111111111111	188
TCTAAGGGACGTCCCTTAGA	6306	19.67967015540755	19.0453536314621	241
TACAAGGGCCGGCCCTTGTA	1951	0.051255766273705795	11.840082009226037	176
TGCTAGGTCGCGACCTAGCA	2552	0.0	9.169278996865204	194
ACAAAGGTTCGAACCTTTGT	9645	22.322446863659927	12.711249351995853	277
CCGAAGGCACGTGCCTTCGG	300	0.0	13.333333333333334	67
CTCGAGGGTGCACCCTCGAG	690	0.0	10.72463768115942	98
CGAAAGGCGGCCGCCTTTCG	340	0.0	11.176470588235293	61
TCCGAGGCATATGCCTCGGA	687	18.777292576419214	15.138282387190683	101
ATAAAGGGCGCGCCCTTTAT	1110	0.0	12.972972972972974	143
GCGTAGGATATATCCTACGC	4812	27.07813798836243	17.809642560266003	227
TAAGAGGGACGTCCCTCTTA	3984	10.491967871485944	15.261044176706827	229
TTGGAGGTTCGAACCTCCAA	2610	4.367816091954023	10.421455938697317	199
TATTAGGCCCGGGCCTAATA	1648	7.827669902912621	13.28883495145631	162
CGTCAGGACATGTCCTGACG	1694	6.316410861865407	8.9728453364817	158
AACTAGGAACGTTCCTAGTT	7130	21.82328190743338	17.840112201963535	256
CGCTAGGTGCGCACCTAGCG	908	0.11013215859030837	7.378854625550661	122
CTCTAGGGTCGACCCTAGAG	996	0.0	13.855421686746988	123
TACGAGGTAGCTACCTCGTA	3530	8.895184135977336	12.464589235127479	215
GTCTAGGTTGCAACCTAGAC	2120	2.641509433962264	10.660377358490566	186
TTGTAGGGTATACCCTACAA	907	1.2127894156560088	18.632855567805954	108
ATGGAGGACGCGTCCTCCAT	987	0.0	16.818642350557244	132
GTATAGGTGATCACCTATAC	9060	25.264900662251655	21.423841059602648	277
TTATAGGCGCGCGCCTATAA	711	0.0	18.565400843881857	109
CCGGAGGACATGTCCTCCGG	472	0.0	14.194915254237289	82
CGTTAGGAAGCTTCCTAACG	1505	1.7940199335548173	15.813953488372093	153
GATAAGGTCTAGACCTTATC	21055	38.009973877938734	17.611018760389456	296
TAGGAGGTTCGAACCTCCTA	5636	16.25266146202981	12.757274662881477	251
ACCTAGGCGTACGCCTAGGT	1349	25.203854707190512	12.379540400296516	132
TGTTAGGACGCGTCCTAACA	2628	1.7123287671232876	11.225266362252663	204
AACGAGGTACGTACCTCGTT	3897	5.79933282011804	9.802412111880933	237
ACGAAGGACATGTCCTTCGT	3930	9.872773536895675	11.424936386768447	233
AACGAGGGCCGGCCCTCGTT	1396	0.0	10.02865329512894	153
TCGAAGGGTATACCCTTCGA	1348	0.29673590504451036	10.459940652818991	147
ATCGAGGTCGCGACCTCGAT	1779	0.0	9.162450815064643	162
TCTAAGGACCGGTCCTTAGA	3098	10.619754680438993	17.333763718528083	214
TCCAAGGCGTACGCCTTGGA	536	29.291044776119403	10.074626865671641	83
GCTAAGGGTATACCCTTAGC	789	0.38022813688212925	14.068441064638783	108
GAACAGGTACGTACCTGTTC	1147	0.0	14.646904969485615	135
CGTAAGGGCGCGCCCTTACG	1017	0.09832841691248771	13.077679449360865	134
CGCTAGGCATATGCCTAGCG	306	17.647058823529413	13.398692810457517	65
AACTAGGGCCGGCCCTAGTT	1823	0.0	10.586944596818432	177
CCAAAGGCGCGCGCCTTTGG	170	0.0	36.470588235294116	46
GTCAAGGGGCGCCCCTTGAC	1513	0.26437541308658297	9.583608724388633	162
GAATAGGCTCGAGCCTATTC	7125	51.564912280701755	3.270175438596491	248
TCATAGGTTCGAACCTATGA	12352	24.465673575129532	21.9154792746114	280
CGCTAGGATGCATCCTAGCG	901	0.0	13.20754716981132	135
AAGTAGGGGCGCCCCTACTT	1406	0.0	10.099573257467995	160
CCGTAGGCAGCTGCCTACGG	232	0.0	10.344827586206897	53
CCGGAGGATCGATCCTCCGG	893	2.799552071668533	11.198208286674133	114
AACGAGGCTTAAGCCTCGTT	1960	22.551020408163264	9.438775510204081	169
TCGCAGGGACGTCCCTGCGA	1448	0.06906077348066299	8.632596685082873	160
GTCTAGGTCCGGACCTAGAC	1648	0.42475728155339804	8.37378640776699	165
TGGTAGGCGCGCGCCTACCA	667	0.0	11.84407796101949	103
TGTAAGGTCGCGACCTTACA	1399	0.0	12.72337383845604	150
GTCGAGGACGCGTCCTCGAC	447	0.22371364653243847	10.29082774049217	74
TGCGAGGAGATCTCCTCGCA	2494	0.4410585404971933	9.623095429029672	187
CAATAGGCGGCCGCCTATTG	759	0.0	10.540184453227932	106
AACTAGGACGCGTCCTAGTT	2372	6.070826306913997	11.930860033726812	188
TTCGAGGCGGCCGCCTCGAA	266	0.0	12.781954887218046	47
CACGAGGTACGTACCTCGTG	1208	1.6556291390728477	13.327814569536423	139
TCGTAGGCCTAGGCCTACGA	778	3.9845758354755785	11.311053984575835	93
AACGAGGTATATACCTCGTT	9745	31.944586967675733	19.076449461262186	275
GCGTAGGTAGCTACCTACGC	1241	0.5640612409347301	13.537469782433522	130
TCTAAGGCGATCGCCTTAGA	2768	6.9002890173410405	10.1878612716763	196
TTGCAGGCGATCGCCTGCAA	249	0.0	6.024096385542169	48
ACGTAGGGTTAACCCTACGT	5272	23.786039453717756	17.678300455235206	243
AGCTAGGTGCGCACCTAGCT	1798	0.1668520578420467	6.896551724137931	163
ACGGAGGATGCATCCTCCGT	2256	0.8865248226950354	9.21985815602837	184
TAGAAGGGGCGCCCCTTCTA	1378	0.07256894049346879	11.901306240928882	155
CACTAGGCGTACGCCTAGTG	557	8.43806104129264	9.694793536804308	78
GATTAGGCCGCGGCCTAATC	787	0.0	9.91105463786531	96
ATCGAGGATGCATCCTCGAT	4756	5.634987384356602	9.693019343986544	239
CGCTAGGCGATCGCCTAGCG	207	0.0	13.526570048309178	41
CGATAGGCTCGAGCCTATCG	1185	2.1940928270042193	13.839662447257384	139
GGTAAGGGCGCGCCCTTACC	356	0.0	12.07865168539326	68
GAGTAGGAGCGCTCCTACTC	1239	0.16142050040355124	14.931396287328491	146
TAATAGGGGTACCCCTATTA	972	0.411522633744856	10.59670781893004	108
AACGAGGGAGCTCCCTCGTT	1446	0.0	12.240663900414937	156
CCATAGGTGTACACCTATGG	3557	15.068878268203543	20.016868147315154	214
ACGGAGGGGTACCCCTCCGT	1613	2.1078735275883447	10.60136391816491	147
GCGTAGGACGCGTCCTACGC	317	0.0	17.981072555205046	62
GGTTAGGACGCGTCCTAACC	1165	0.17167381974248927	11.67381974248927	138
TATCAGGGGGCCCCCTGATA	1009	0.0	11.892963330029733	119
GCCGAGGATTAATCCTCGGC	869	14.039125431530495	11.047180667433832	109
CTTAAGGGGTACCCCTTAAG	12969	28.498727735368956	17.287377592721104	288
CGTTAGGCGATCGCCTAACG	174	0.0	28.160919540229884	35
CTATAGGTGTACACCTATAG	8397	21.35286411813743	39.75229248541146	268
ATGTAGGGACGTCCCTACAT	2941	4.658279496769806	14.926895613736825	196
AACGAGGCACGTGCCTCGTT	1051	0.285442435775452	13.510941960038059	127
AGCGAGGGTCGACCCTCGCT	710	0.0	15.492957746478874	98
GACGAGGTCTAGACCTCGTC	959	0.0	10.740354535974975	119
TAGCAGGCGCGCGCCTGCTA	466	0.0	9.44206008583691	86
CACGAGGCTTAAGCCTCGTG	111	0.0	14.414414414414415	21
ATACAGGCGGCCGCCTGTAT	875	0.0	12.685714285714285	115
ACGGAGGTGATCACCTCCGT	2760	2.572463768115942	9.202898550724637	206
ACTAAGGTGTACACCTTAGT	1465	0.6143344709897611	13.378839590443686	131
TTGGAGGCGCGCGCCTCCAA	475	0.21052631578947367	18.526315789473685	86
GGATAGGAGTACTCCTATCC	3729	13.837489943684634	17.055510860820597	234
CTGTAGGGACGTCCCTACAG	1072	0.0	16.138059701492537	135
CGATAGGTTATAACCTATCG	20181	31.712997373767404	19.146722164412072	299
ATGTAGGGTATACCCTACAT	1333	0.2250562640660165	14.553638409602401	138
TGTCAGGTACGTACCTGACA	4180	8.75598086124402	11.961722488038278	228
GGCGAGGTATATACCTCGCC	331	0.0	7.2507552870090635	75
TCGCAGGATTAATCCTGCGA	2334	16.666666666666668	10.539845758354756	185
CCTTAGGTCGCGACCTAAGG	888	0.0	14.301801801801801	115
TGATAGGGACGTCCCTATCA	4523	16.338713243422507	17.267300464293612	234
TCTAAGGGGTACCCCTTAGA	12814	28.50788200405806	17.910098329951616	283
CGAAAGGCTATAGCCTTTCG	2392	24.331103678929765	10.994983277591974	188
TCGAAGGACATGTCCTTCGA	5789	11.763689756434617	11.746415615823112	249
ACCGAGGATTAATCCTCGGT	1608	0.0	10.074626865671641	155
TCGGAGGAACGTTCCTCCGA	2233	0.49261083743842365	12.942230183609494	194
TACTAGGACGCGTCCTAGTA	1319	0.0	15.390447308567095	139
TTGAAGGCGGCCGCCTTCAA	795	0.0	12.452830188679245	102
GTCTAGGCTATAGCCTAGAC	763	0.1310615989515072	7.99475753604194	105
CTATAGGACGCGTCCTATAG	818	0.0	17.237163814180928	122
TCCGAGGTACGTACCTCGGA	2104	3.564638783269962	9.695817490494296	179
TTAGAGGGACGTCCCTCTAA	4160	15.697115384615385	18.125	227
CCATAGGTTCGAACCTATGG	1597	3.6318096430807763	15.403882279273638	171
GATGAGGCGGCCGCCTCATC	709	0.0	9.16784203102962	87
CTAAAGGGTTAACCCTTTAG	26282	37.143291986911194	18.43086523095655	301
CGTGAGGCGATCGCCTCACG	97	1.0309278350515463	24.742268041237114	23
GTAAAGGCCCGGGCCTTTAC	740	0.0	16.486486486486488	122
TTCGAGGCCCGGGCCTCGAA	474	0.0	10.337552742616033	79
CATTAGGCTCGAGCCTAATG	1645	2.5531914893617023	12.644376899696049	150
TGGAAGGCGTACGCCTTCCA	348	21.839080459770116	9.482758620689655	68
CCCAAGGTCGCGACCTTGGG	896	0.0	9.709821428571429	110
GGCGAGGTGTACACCTCGCC	70	0.0	14.285714285714286	13
AACGAGGGTATACCCTCGTT	955	0.0	13.821989528795811	122
GTCTAGGTCGCGACCTAGAC	1569	0.0	9.369024856596559	159
CCTAAGGTGCGCACCTTAGG	1494	0.0	9.370816599732262	156
AATGAGGATCGATCCTCATT	10166	24.906551249262247	16.15187881172536	277
CGGAAGGACTAGTCCTTCCG	2208	8.333333333333334	9.96376811594203	184
ACGTAGGCGCGCGCCTACGT	697	0.0	8.751793400286944	103
AGTAAGGCCCGGGCCTTACT	716	0.41899441340782123	14.804469273743017	104
TTTAAGGCGATCGCCTTAAA	2877	15.502259297879736	11.331247827598192	191
AGTAAGGTCCGGACCTTACT	3189	5.644402634054563	11.790529946691754	203
ATGTAGGACGCGTCCTACAT	1751	1.6561964591661908	14.049114791547687	158
GTTGAGGACGCGTCCTCAAC	1007	0.0	11.916583912611719	129
GATAAGGAGCGCTCCTTATC	2607	3.33716915995397	14.192558496355964	177
TTATAGGGGTACCCCTATAA	10789	23.96885716933914	24.7474279358606	279
CTCGAGGATATATCCTCGAG	8392	25.262154432793135	14.63298379408961	272
CTCGAGGAGTACTCCTCGAG	1035	0.0	11.207729468599034	124
AAACAGGTACGTACCTGTTT	6984	27.434135166093927	17.310996563573884	257
CCGTAGGTGGCCACCTACGG	1123	0.17809439002671415	2.8495102404274264	134
CTGAAGGCGATCGCCTTCAG	605	0.9917355371900827	10.24793388429752	99
CTTAAGGTGCGCACCTTAAG	1252	0.1597444089456869	12.699680511182109	144
GCCGAGGTAGCTACCTCGGC	584	0.0	11.13013698630137	83
CACGAGGGGATCCCCTCGTG	1056	0.0	11.363636363636363	137
CGGTAGGTCGCGACCTACCG	1188	0.0	12.457912457912458	157
TGTTAGGTCTAGACCTAACA	12925	29.63249516441006	22.762088974854933	287
AACTAGGTCGCGACCTAGTT	2771	2.1291952363767592	9.09418982316853	200
GTCTAGGTTTAAACCTAGAC	17437	34.10563743763262	15.501519756838906	284
TCGTAGGGTTAACCCTACGA	6434	21.86820018650917	20.718060304631646	271
GATTAGGCGGCCGCCTAATC	801	0.0	12.484394506866417	113
GAATAGGTACGTACCTATTC	6777	21.174561015198467	18.429983768629185	251
CCCAAGGTTCGAACCTTGGG	1764	1.6439909297052153	11.564625850340136	159
CGTAAGGCACGTGCCTTACG	1057	0.0946073793755913	9.555345316934721	130
ACGAAGGATGCATCCTTCGT	3261	8.402330573443729	10.610242256976388	210
TCGAAGGGAATTCCCTTCGA	3453	9.730668983492615	11.23660584998552	213
TGCGAGGCGATCGCCTCGCA	75	0.0	9.333333333333334	21
ACGAAGGAGCGCTCCTTCGT	1246	0.08025682182985554	13.402889245585875	136
CGTCAGGTCGCGACCTGACG	421	0.0	15.914489311163896	68
GATGAGGTCCGGACCTCATC	2636	0.07587253414264036	7.928679817905918	188
AAATAGGACGCGTCCTATTT	6778	20.58129241664208	11.950427854824431	261
TAGTAGGTTCGAACCTACTA	7091	20.603582005358906	20.786912988295022	257
CGTTAGGACATGTCCTAACG	1242	0.0	12.882447665056361	128
CGAAAGGTCGCGACCTTTCG	1199	0.0	9.924937447873228	142
GTTTAGGCGATCGCCTAAAC	1261	0.07930214115781126	10.943695479777954	144
CGTGAGGCATATGCCTCACG	368	17.119565217391305	14.945652173913043	68
TAATAGGTCGCGACCTATTA	4971	18.205592436129553	11.345805672902836	236
TCCGAGGGTCGACCCTCGGA	1440	0.0	10.13888888888889	153
GTACAGGTTCGAACCTGTAC	2520	5.9523809523809526	12.777777777777779	198
GTTGAGGATCGATCCTCAAC	3518	5.372370665150654	11.796475270039796	215
GGTCAGGATATATCCTGACC	15290	34.329627207325046	16.075866579463703	294
ACGGAGGGTCGACCCTCCGT	1164	0.0859106529209622	14.862542955326461	142
TTGTAGGGCGCGCCCTACAA	669	0.0	17.48878923766816	94
CTCGAGGTTATAACCTCGAG	7661	24.21354914502023	12.870382456598355	266
CTCTAGGTACGTACCTAGAG	3573	12.902322977889728	22.893926672264204	218
GATCAGGCGCGCGCCTGATC	766	0.0	11.357702349869452	103
ACTTAGGGTATACCCTAAGT	18329	35.184680015276335	27.39374761307218	296
CGTAAGGAAATTTCCTTACG	7224	26.66112956810631	18.203211517165006	268
CGAGAGGTTATAACCTCTCG	1129	0.7971656333038086	12.046058458813109	129
ATATAGGCTCGAGCCTATAT	5406	19.311875693673695	15.001849796522382	239
GGTTAGGGACGTCCCTAACC	686	0.0	21.720116618075803	104
CGTCAGGATGCATCCTGACG	1762	1.0215664018161181	8.229284903518728	161
TTTAAGGCTCGAGCCTTAAA	4306	19.647004180213656	12.029725963771481	233
ACTTAGGACGCGTCCTAAGT	1563	4.926423544465771	16.442738323736403	141
CCGAAGGTTTAAACCTTCGG	5456	29.417155425219942	10.887096774193548	241
TAGAAGGGCGCGCCCTTCTA	848	0.0	17.33490566037736	118
GCTTAGGCACGTGCCTAAGC	860	0.23255813953488372	12.093023255813954	114
ACTGAGGACGCGTCCTCAGT	1103	0.0	13.599274705349048	141
TCTAAGGCGCGCGCCTTAGA	1072	0.0	10.82089552238806	129
CAGTAGGTACGTACCTACTG	1708	2.4004683840749412	16.569086651053865	155
CGCGAGGACATGTCCTCGCG	71	0.0	15.492957746478874	19
TTCTAGGCCGCGGCCTAGAA	1612	0.37220843672456577	13.337468982630273	172
ATACAGGGTTAACCCTGTAT	12339	32.01231866439744	17.075938082502635	280
TGCAAGGGTCGACCCTTGCA	1563	0.12795905310300704	13.24376199616123	168
GGTTAGGCTTAAGCCTAACC	1841	23.845736013036394	10.700706137968496	163
AAGAAGGTCGCGACCTTCTT	2050	0.5365853658536586	10.487804878048781	177
CGAAAGGGTCGACCCTTTCG	1966	0.6103763987792472	8.39267548321465	186
GCTTAGGACTAGTCCTAAGC	2587	6.648627754155393	15.423270197139544	192
CGGTAGGAGTACTCCTACCG	1685	1.2462908011869436	12.87833827893175	156
GCGAAGGAGTACTCCTTCGC	1047	1.146131805157593	11.74785100286533	139
ACGGAGGTGGCCACCTCCGT	1168	0.0	4.195205479452055	126
GTCAAGGCGGCCGCCTTGAC	225	0.0	12.444444444444445	41
TGAGAGGCGCGCGCCTCTCA	762	0.0	14.041994750656167	103
ATTTAGGGGTACCCCTAAAT	28623	36.09684519442406	18.649337945009258	307
CTCGAGGCGTACGCCTCGAG	130	0.0	3.8461538461538463	34
ACCGAGGGCTAGCCCTCGGT	483	4.761904761904762	9.730848861283643	70
GGGTAGGTAATTACCTACCC	3161	19.898766213223663	13.951281240113888	198
GGTAAGGCGATCGCCTTACC	640	0.0	13.125	95
CGTTAGGACCGGTCCTAACG	1072	0.0	20.895522388059703	140
TAGTAGGGGCGCCCCTACTA	917	0.10905125408942203	11.559432933478735	117
AGTTAGGCGCGCGCCTAACT	1161	0.08613264427217916	11.714039621016365	137
ACTAAGGCGCGCGCCTTAGT	904	0.0	11.725663716814159	122
TTCTAGGGTCGACCCTAGAA	3914	8.456821665815022	13.055697496167603	213
ATATAGGGTTAACCCTATAT	1578	10.899873257287705	17.173637515842838	141
CCGGAGGGAATTCCCTCCGG	1393	1.148600143575018	8.470926058865757	151
CGTTAGGAACGTTCCTAACG	1836	0.10893246187363835	11.11111111111111	166
TATAAGGCCGCGGCCTTATA	1293	2.6295436968290797	9.822119102861562	132
GGTAAGGAACGTTCCTTACC	1735	0.05763688760806916	11.527377521613833	161
ATCTAGGCGTACGCCTAGAT	618	0.32362459546925565	11.326860841423947	93
GTTAAGGGGCGCCCCTTAAC	929	0.0	13.778256189451023	117
TCGCAGGCTTAAGCCTGCGA	13	0.0	7.6923076923076925	5
TACGAGGCTTAAGCCTCGTA	2198	34.75887170154686	10.464058234758872	171
GTGTAGGACGCGTCCTACAC	1337	0.0	11.219147344801796	149
TGATAGGTGCGCACCTATCA	2122	0.5655042412818096	13.949104618284638	176
GCATAGGGGCGCCCCTATGC	1208	0.08278145695364239	13.410596026490067	150
CGAAAGGGCCGGCCCTTTCG	1156	0.0	10.207612456747405	142
TGTTAGGGCTAGCCCTAACA	1099	0.09099181073703366	13.102820746132847	122
CATAAGGTCCGGACCTTATG	3066	9.784735812133073	16.14481409001957	217
TGCGAGGGTTAACCCTCGCA	548	0.0	8.211678832116789	91
ATTGAGGGTCGACCCTCAAT	2640	3.787878787878788	13.674242424242424	207
CGTTAGGCAGCTGCCTAACG	751	0.2663115845539281	11.318242343541945	116
GCGGAGGACTAGTCCTCCGC	411	9.245742092457421	11.19221411192214	54
CGTGAGGTCGCGACCTCACG	593	0.0	15.682967959527824	94
ATTGAGGGGCGCCCCTCAAT	925	0.10810810810810811	12.64864864864865	112
GTCAAGGAGCGCTCCTTGAC	1710	0.05847953216374269	11.871345029239766	171
ACCGAGGTTCGAACCTCGGT	2010	2.0398009950248754	10.796019900497512	179
CTTAAGGGGATCCCCTTAAG	1017	0.0	12.586037364798427	106
TTCGAGGTGCGCACCTCGAA	1294	0.07727975270479134	7.2642967542503865	151
ACAAAGGACCGGTCCTTTGT	3332	4.441776710684274	10.92436974789916	206
GGCGAGGATTAATCCTCGCC	1369	16.14317019722425	11.83345507669832	146
CGAGAGGGTGCACCCTCTCG	1120	0.0	10.178571428571429	140
TTCTAGGTCCGGACCTAGAA	3230	8.452012383900929	11.73374613003096	202
CCAGAGGATCGATCCTCTGG	610	0.0	26.885245901639344	91
AGCTAGGCGTACGCCTAGCT	323	0.0	7.739938080495356	67
CGCAAGGGTATACCCTTGCG	1213	13.272877164056059	11.87139323990107	125
TCCGAGGATCGATCCTCGGA	1862	0.8055853920515574	12.030075187969924	162
GGTACAGGTATACCTGTACC	272	0.0	11.029411764705882	41
TACGCAGGGCGCCCTGCGTA	184	0.0	20.652173913043477	45
TCGAAAGGTATACCTTTCGA	425	0.23529411764705882	16.235294117647058	67
CGCTAAGGCCGGCCTTAGCG	243	0.0	16.46090534979424	48
