guide	target_count	1	2	3	4	5	6	7	8	9	10	11	12	13	14	15	16	17	18	19	20
TAACAGGCGATCGCCTGTTA	0	0.0	0.0	0.0	0.0	0.0	0.0	0.0	0.0	0.0	0.0	0.0	0.0	0.0	0.0	0.0	0.0	0.0	0.0	0.0	0.0
ATAGAGGATCGATCCTCTAT	1136	0.01144366197082362	0.007042253520506843	0.004401408450316777	0.0008802816900633554	0.0035211267602534217	0.0008802816900633554	0.0008802816900633554	0.0017605633801267109	0.002640845070190066	0.0	0.0017605633801267109	0.0	0.0	0.0008802816900633554	0.0017605633801267109	0.0008802816900633554	0.0	0.0035211267602534217	0.004401408450316777	0.002640845070190066
TGTTAGGCCTAGGCCTAACA	157	0.012738853495070795	0.04458598723274778	0.006369426747535397	0.006369426747535397	0.006369426747535397	0.0	0.012738853495070795	0.08917197446549556	0.006369426747535397	0.0	0.0	0.01910828024260619	0.07643312097042476	0.012738853495070795	0.0	0.0	0.0	0.0	0.006369426747535397	0.006369426747535397
TTAAAGGCGCGCGCCTTTAA	2	0.0	0.0	0.0	0.0	0.0	0.0	0.0	0.0	0.4999999750000013	0.0	0.0	0.0	0.0	0.0	0.0	0.0	0.0	0.0	0.0	0.0
GACAAGGATTAATCCTTGTC	1855	0.0021563342316896854	0.0010781671158448427	0.0005390835579224214	0.0	0.001617250673767264	0.0005390835579224214	0.0005390835579224214	0.0	0.0005390835579224214	0.0005390835579224214	0.0010781671158448427	0.0005390835579224214	0.0	0.001617250673767264	0.0010781671158448427	0.0010781671158448427	0.0010781671158448427	0.0010781671158448427	0.004851752021301792	0.00808625336883632
TAACAGGCGTACGCCTGTTA	32	0.0	0.03124999990234375	0.03124999990234375	0.03124999990234375	0.0	0.0624999998046875	0.0	0.0	0.0624999998046875	0.0	0.0	0.0	0.0	0.0	0.0	0.0	0.0	0.0	0.0	0.0
TCGTAGGGTATACCCTACGA	544	0.0018382352937797363	0.00919117646889868	0.0018382352937797363	0.0	0.0018382352937797363	0.0036764705875594727	0.0018382352937797363	0.0	0.0018382352937797363	0.02941176470047578	0.031249999994255515	0.0018382352937797363	0.005514705881339209	0.0018382352937797363	0.0	0.0036764705875594727	0.0	0.0036764705875594727	0.0036764705875594727	0.00919117646889868
TGCGAGGATCGATCCTCGCA	12	0.0	0.0	0.0	0.0	0.0	0.2499999979166667	0.0833333326388889	0.0	0.0	0.1666666652777778	0.3333333305555556	0.0	0.0	0.0833333326388889	0.0833333326388889	0.0	0.0	0.0	0.0	0.0
ACCTAGGGTGCACCCTAGGT	23	0.0869565213610586	0.0869565213610586	0.0	0.0	0.0	0.1304347820415879	0.0434782606805293	0.0869565213610586	0.0	0.0869565213610586	0.0434782606805293	0.0	0.0	0.0	0.1304347820415879	0.0	0.0	0.0434782606805293	0.0434782606805293	0.0434782606805293
CGAGAGGTCGCGACCTCTCG	0	0.0	0.0	0.0	0.0	0.0	0.0	0.0	0.0	0.0	0.0	0.0	0.0	0.0	0.0	0.0	0.0	0.0	0.0	0.0	0.0
GATCAGGTCCGGACCTGATC	16	0.0	0.0	0.0	0.0	0.0	0.062499999609374995	0.0	0.0	0.0	0.062499999609374995	0.0	0.12499999921874999	0.062499999609374995	0.0	0.062499999609374995	0.0	0.12499999921874999	0.0	0.0	0.0
CCGTAGGCTTAAGCCTACGG	1	0.0	0.0	0.0	0.0	0.0	0.0	0.0	0.0	0.0	0.0	0.0	0.0	0.0	0.0	0.0	0.0	0.0	0.9999999000000099	0.0	0.0
CAAGAGGACCGGTCCTCTTG	12	0.0	0.0	0.0	0.0833333326388889	0.0	0.0	0.0	0.0	0.0833333326388889	0.0833333326388889	0.0833333326388889	0.0833333326388889	0.0	0.0833333326388889	0.2499999979166667	0.0	0.0	0.0	0.0	0.0833333326388889
GGTAAGGCACGTGCCTTACC	1	0.0	0.0	0.0	0.0	0.0	0.0	0.0	0.0	0.0	0.0	0.0	0.0	0.0	0.0	0.0	0.0	0.0	0.0	0.0	0.0
GCTCAGGCGTACGCCTGAGC	0	0.0	0.0	0.0	0.0	0.0	0.0	0.0	0.0	0.0	0.0	0.0	0.0	0.0	0.0	0.0	0.0	0.0	0.0	0.0	0.0
TCTTAGGACCGGTCCTAAGA	81	0.012345678997104101	0.012345678997104101	0.0	0.049382715988416405	0.037037036991312305	0.012345678997104101	0.024691357994208202	0.012345678997104101	0.012345678997104101	0.0	0.024691357994208202	0.012345678997104101	0.0	0.012345678997104101	0.012345678997104101	0.0	0.037037036991312305	0.0	0.049382715988416405	0.049382715988416405
AATGAGGAGCGCTCCTCATT	25	0.0	0.0	0.0	0.0	0.0	0.0	0.03999999984	0.0	0.15999999936	0.03999999984	0.11999999952	0.27999999888	0.03999999984	0.0	0.03999999984	0.0	0.0	0.0	0.03999999984	0.03999999984
AATAAGGGTCGACCCTTATT	894	0.013422818790444876	0.003355704697611219	0.002237136465074146	0.001118568232537073	0.0	0.001118568232537073	0.0	0.002237136465074146	0.003355704697611219	0.003355704697611219	0.006711409395222438	0.002237136465074146	0.004474272930148292	0.001118568232537073	0.0	0.0	0.0	0.004474272930148292	0.005592841162685365	0.0
GACGAGGTACGTACCTCGTC	14	0.2857142836734694	0.0	0.1428571418367347	0.0	0.0	0.0	0.0	0.0	0.21428571275510205	0.07142857091836735	0.0	0.21428571275510205	0.0	0.0	0.0	0.0	0.0	0.07142857091836735	0.0	0.1428571418367347
GTTGAGGAGCGCTCCTCAAC	2	0.0	0.0	0.0	0.0	0.0	0.0	0.0	0.0	0.9999999500000026	0.0	0.0	0.9999999500000026	0.0	0.0	0.0	0.0	0.0	0.0	0.0	0.0
GCGTAGGGTCGACCCTACGC	0	0.0	0.0	0.0	0.0	0.0	0.0	0.0	0.0	0.0	0.0	0.0	0.0	0.0	0.0	0.0	0.0	0.0	0.0	0.0	0.0
GCATAGGAGCGCTCCTATGC	0	0.0	0.0	0.0	0.0	0.0	0.0	0.0	0.0	0.0	0.0	0.0	0.0	0.0	0.0	0.0	0.0	0.0	0.0	0.0	0.0
AAACAGGGGCGCCCCTGTTT	6	0.0	0.0	0.0	0.0	0.0	0.0	0.16666666388888893	0.0	0.0	0.33333332777777785	0.0	0.0	0.33333332777777785	0.0	0.0	0.0	0.0	0.16666666388888893	0.0	0.0
ATTAAGGCGATCGCCTTAAT	243	0.020576131678775256	0.016460905343020204	0.0	0.0	0.004115226335755051	0.0	0.004115226335755051	0.008230452671510102	0.008230452671510102	0.0	0.0	0.004115226335755051	0.0	0.0	0.004115226335755051	0.0	0.0	0.004115226335755051	0.0	0.008230452671510102
CCCTAGGTAGCTACCTAGGG	1	0.0	0.0	0.0	0.0	0.0	0.0	0.0	0.0	0.0	0.0	0.0	0.0	0.0	0.0	0.0	0.0	0.0	0.0	0.0	0.0
TTACAGGGCGCGCCCTGTAA	1	0.0	0.0	0.0	0.0	0.0	0.0	0.0	0.0	0.9999999000000099	0.0	0.0	0.0	0.0	0.0	0.0	0.0	0.0	0.0	0.0	0.0
CTATAGGACCGGTCCTATAG	100	0.019999999980000002	0.009999999990000001	0.019999999980000002	0.0	0.019999999980000002	0.0	0.009999999990000001	0.0	0.019999999980000002	0.009999999990000001	0.049999999950000006	0.009999999990000001	0.0	0.009999999990000001	0.009999999990000001	0.019999999980000002	0.009999999990000001	0.0	0.0	0.0
TCTAAGGTACGTACCTTAGA	8	0.0	0.0	0.24999999687500005	0.0	0.0	0.0	0.24999999687500005	0.24999999687500005	0.0	0.0	0.0	0.0	0.24999999687500005	0.0	0.0	0.0	0.0	0.24999999687500005	0.12499999843750002	0.0
GGGTAGGTTCGAACCTACCC	20	0.09999999949999999	0.0	0.0	0.0	0.0	0.0	0.049999999749999996	0.049999999749999996	0.0	0.09999999949999999	0.0	0.0	0.0	0.049999999749999996	0.0	0.0	0.0	0.049999999749999996	0.0	0.09999999949999999
GATTAGGCGATCGCCTAATC	0	0.0	0.0	0.0	0.0	0.0	0.0	0.0	0.0	0.0	0.0	0.0	0.0	0.0	0.0	0.0	0.0	0.0	0.0	0.0	0.0
GACGAGGTGCGCACCTCGTC	0	0.0	0.0	0.0	0.0	0.0	0.0	0.0	0.0	0.0	0.0	0.0	0.0	0.0	0.0	0.0	0.0	0.0	0.0	0.0	0.0
ATACAGGCGTACGCCTGTAT	32	0.0	0.03124999990234375	0.0	0.03124999990234375	0.0	0.0	0.0	0.0	0.0	0.0	0.0	0.0	0.0	0.0	0.0	0.0	0.0	0.0	0.0	0.0
TAGTAGGGAATTCCCTACTA	1022	0.0019569471622351326	0.004892367905587831	0.0029354207433526986	0.0009784735811175663	0.011741682973410794	0.0009784735811175663	0.0	0.003913894324470265	0.0019569471622351326	0.0019569471622351326	0.0009784735811175663	0.0	0.0019569471622351326	0.0019569471622351326	0.0019569471622351326	0.004892367905587831	0.0009784735811175663	0.0019569471622351326	0.0029354207433526986	0.004892367905587831
GTGTAGGAGTACTCCTACAC	4	0.0	0.0	0.0	0.0	0.0	0.0	0.0	0.0	0.24999999375000015	0.0	0.0	0.0	0.0	0.0	0.0	0.0	0.0	0.24999999375000015	0.0	0.0
TCGAAGGTACGTACCTTCGA	32	0.0	0.09374999970703125	0.0624999998046875	0.0	0.0	0.0	0.0624999998046875	0.0	0.0	0.0	0.03124999990234375	0.0	0.0	0.09374999970703125	0.0624999998046875	0.0	0.0	0.0	0.21874999931640624	0.124999999609375
ACGAAGGTATATACCTTCGT	8	0.12499999843750002	0.12499999843750002	0.24999999687500005	0.0	0.0	0.12499999843750002	0.12499999843750002	0.0	0.0	0.0	0.0	0.0	0.0	0.0	0.12499999843750002	0.0	0.0	0.12499999843750002	0.0	0.0
ACGCAGGGATATCCCTGCGT	0	0.0	0.0	0.0	0.0	0.0	0.0	0.0	0.0	0.0	0.0	0.0	0.0	0.0	0.0	0.0	0.0	0.0	0.0	0.0	0.0
GCTTAGGTTGCAACCTAAGC	14	0.21428571275510205	0.21428571275510205	0.0	0.0	0.0	0.0	0.0	0.0	0.0	0.07142857091836735	0.0	0.0	0.0	0.0	0.0	0.0	0.0	0.0	0.0	0.1428571418367347
CACGAGGTGGCCACCTCGTG	0	0.0	0.0	0.0	0.0	0.0	0.0	0.0	0.0	0.0	0.0	0.0	0.0	0.0	0.0	0.0	0.0	0.0	0.0	0.0	0.0
CGTAAGGATCGATCCTTACG	50	0.05999999988	0.0999999998	0.0	0.0	0.0	0.0	0.03999999992	0.0	0.0	0.0	0.0	0.0	0.0	0.01999999996	0.0	0.0	0.01999999996	0.0	0.03999999992	0.0999999998
AACCAGGTACGTACCTGGTT	115	0.03478260866540643	0.008695652166351608	0.11304347816257089	0.043478260831758035	0.0	0.0	0.026086956499054823	0.0	0.0	0.03478260866540643	0.008695652166351608	0.0	0.0	0.017391304332703215	0.0	0.0	0.06086956516446125	0.06956521733081286	0.03478260866540643	0.0
CCGGAGGGTATACCCTCCGG	70	0.014285714265306124	0.0	0.028571428530612248	0.042857142795918374	0.014285714265306124	0.0	0.0	0.014285714265306124	0.0	0.0	0.0	0.0	0.0	0.028571428530612248	0.0	0.0	0.042857142795918374	0.0	0.014285714265306124	0.028571428530612248
GTATAGGTGCGCACCTATAC	4	0.0	0.0	0.0	0.0	0.0	0.0	0.0	0.0	0.0	0.9999999750000006	0.9999999750000006	0.0	0.0	0.0	0.0	0.0	0.0	0.0	0.0	0.0
GTCCAGGCGATCGCCTGGAC	0	0.0	0.0	0.0	0.0	0.0	0.0	0.0	0.0	0.0	0.0	0.0	0.0	0.0	0.0	0.0	0.0	0.0	0.0	0.0	0.0
GCCGAGGAGTACTCCTCGGC	4	0.0	0.0	0.0	0.0	0.0	0.0	0.0	0.0	0.0	0.0	0.0	0.0	0.0	0.0	0.0	0.0	0.0	0.0	0.0	0.0
CGTAAGGCCGCGGCCTTACG	0	0.0	0.0	0.0	0.0	0.0	0.0	0.0	0.0	0.0	0.0	0.0	0.0	0.0	0.0	0.0	0.0	0.0	0.0	0.0	0.0
CTTTAGGCGTACGCCTAAAG	46	0.06521739116257089	0.06521739116257089	0.0	0.0	0.04347826077504726	0.0	0.0	0.0	0.0	0.0	0.0	0.0	0.02173913038752363	0.0	0.0	0.0	0.0	0.0	0.0	0.02173913038752363
CAGTAGGTTTAAACCTACTG	1	0.0	0.9999999000000099	0.9999999000000099	0.0	0.0	0.0	0.0	0.0	0.0	0.0	0.0	0.0	0.0	0.0	0.0	0.0	0.0	0.0	0.0	0.0
AGTTAGGTCGCGACCTAACT	0	0.0	0.0	0.0	0.0	0.0	0.0	0.0	0.0	0.0	0.0	0.0	0.0	0.0	0.0	0.0	0.0	0.0	0.0	0.0	0.0
CATAAGGGCGCGCCCTTATG	2	0.0	0.0	0.0	0.0	0.0	0.0	0.0	0.4999999750000013	0.0	0.4999999750000013	0.0	0.0	0.0	0.0	0.0	0.0	0.0	0.0	0.0	0.0
CGGAAGGTCGCGACCTTCCG	0	0.0	0.0	0.0	0.0	0.0	0.0	0.0	0.0	0.0	0.0	0.0	0.0	0.0	0.0	0.0	0.0	0.0	0.0	0.0	0.0
GAACAGGGCGCGCCCTGTTC	0	0.0	0.0	0.0	0.0	0.0	0.0	0.0	0.0	0.0	0.0	0.0	0.0	0.0	0.0	0.0	0.0	0.0	0.0	0.0	0.0
AGGTAGGTTCGAACCTACCT	149	0.05369127513175082	0.060402684523219674	0.0	0.006711409391468853	0.0	0.006711409391468853	0.02684563756587541	0.02013422817440656	0.0	0.02684563756587541	0.0	0.006711409391468853	0.0	0.006711409391468853	0.013422818782937706	0.0	0.006711409391468853	0.02013422817440656	0.0	0.04026845634881312
GTTAAGGAACGTTCCTTAAC	296	0.04729729728131848	0.037162162149607374	0.0	0.006756756754474068	0.0	0.0	0.003378378377237034	0.0	0.0	0.003378378377237034	0.003378378377237034	0.003378378377237034	0.0	0.003378378377237034	0.010135135131711102	0.0	0.003378378377237034	0.006756756754474068	0.003378378377237034	0.013513513508948137
CTAAAGGGTCGACCCTTTAG	152	0.019736842092278394	0.026315789456371193	0.013157894728185597	0.0	0.0	0.0	0.019736842092278394	0.0	0.0	0.11184210518957757	0.11184210518957757	0.0	0.006578947364092798	0.0	0.006578947364092798	0.006578947364092798	0.0	0.013157894728185597	0.006578947364092798	0.006578947364092798
TAGTAGGCTCGAGCCTACTA	48	0.04166666657986111	0.0	0.04166666657986111	0.0	0.0	0.06249999986979166	0.0	0.10416666644965278	0.0	0.0	0.020833333289930554	0.0	0.06249999986979166	0.0	0.020833333289930554	0.0	0.0	0.0	0.04166666657986111	0.04166666657986111
TCTAAGGGACGTCCCTTAGA	548	0.009124087589575896	0.012773722625406256	0.0036496350358303587	0.0	0.0	0.0	0.0018248175179151793	0.0036496350358303587	0.0018248175179151793	0.0	0.0054744525537455384	0.0	0.007299270071660717	0.0036496350358303587	0.0018248175179151793	0.0	0.0018248175179151793	0.0	0.0	0.009124087589575896
TACAAGGGCCGGCCCTTGTA	4	0.0	0.0	0.0	0.0	0.0	0.0	0.24999999375000015	0.0	0.0	0.0	0.0	0.0	0.0	0.4999999875000003	0.0	0.0	0.0	0.4999999875000003	0.0	0.0
TGCTAGGTCGCGACCTAGCA	3	0.0	0.0	0.0	0.0	0.0	0.0	0.0	0.0	0.0	0.0	0.0	0.0	0.0	0.0	0.0	0.0	0.3333333222222226	0.3333333222222226	0.0	0.0
ACAAAGGTTCGAACCTTTGT	407	0.014742014738392624	0.019656019651190165	0.012285012281993853	0.0024570024563987706	0.004914004912797541	0.004914004912797541	0.0	0.0024570024563987706	0.0024570024563987706	0.0024570024563987706	0.004914004912797541	0.004914004912797541	0.0	0.0024570024563987706	0.0024570024563987706	0.0	0.0	0.0024570024563987706	0.007371007369196312	0.007371007369196312
CCGAAGGCACGTGCCTTCGG	0	0.0	0.0	0.0	0.0	0.0	0.0	0.0	0.0	0.0	0.0	0.0	0.0	0.0	0.0	0.0	0.0	0.0	0.0	0.0	0.0
CTCGAGGGTGCACCCTCGAG	2	0.0	0.0	0.0	0.0	0.0	0.0	0.0	0.0	0.4999999750000013	0.0	0.4999999750000013	0.0	0.0	0.0	0.0	0.0	0.0	0.0	0.0	0.0
CGAAAGGCGGCCGCCTTTCG	0	0.0	0.0	0.0	0.0	0.0	0.0	0.0	0.0	0.0	0.0	0.0	0.0	0.0	0.0	0.0	0.0	0.0	0.0	0.0	0.0
TCCGAGGCATATGCCTCGGA	23	0.0	0.0	0.0434782606805293	0.0	0.0	0.0	0.0	0.0	0.0	0.0	0.0	0.0	0.0	0.0	0.0	0.0	0.0434782606805293	0.0	0.0	0.0
ATAAAGGGCGCGCCCTTTAT	0	0.0	0.0	0.0	0.0	0.0	0.0	0.0	0.0	0.0	0.0	0.0	0.0	0.0	0.0	0.0	0.0	0.0	0.0	0.0	0.0
GCGTAGGATATATCCTACGC	269	0.0037174721175771475	0.011152416352731443	0.0	0.0037174721175771475	0.0	0.0	0.0037174721175771475	0.0	0.0	0.0	0.0	0.0	0.0037174721175771475	0.0037174721175771475	0.0037174721175771475	0.0	0.0	0.007434944235154295	0.0037174721175771475	0.007434944235154295
TAAGAGGGACGTCCCTCTTA	163	0.01226993864277918	0.04294478524972713	0.01226993864277918	0.0	0.0	0.018404907964168767	0.00613496932138959	0.01226993864277918	0.00613496932138959	0.0	0.02453987728555836	0.01226993864277918	0.00613496932138959	0.0	0.00613496932138959	0.0	0.0	0.00613496932138959	0.04907975457111672	0.02453987728555836
TTGGAGGTTCGAACCTCCAA	48	0.020833333289930554	0.08333333315972222	0.06249999986979166	0.04166666657986111	0.0	0.020833333289930554	0.04166666657986111	0.0	0.0	0.020833333289930554	0.0	0.0	0.0	0.04166666657986111	0.0	0.0	0.0	0.0	0.08333333315972222	0.0
TATTAGGCCCGGGCCTAATA	51	0.0	0.0	0.0	0.0	0.0392156861976163	0.0	0.058823529296424454	0.058823529296424454	0.0	0.0	0.0392156861976163	0.01960784309880815	0.0392156861976163	0.0	0.0	0.0	0.0	0.0	0.0	0.0
CGTCAGGACATGTCCTGACG	24	0.04166666649305555	0.04166666649305555	0.0	0.04166666649305555	0.0	0.0	0.0	0.0	0.04166666649305555	0.0	0.0	0.0	0.0	0.04166666649305555	0.0	0.0	0.04166666649305555	0.04166666649305555	0.0	0.0
AACTAGGAACGTTCCTAGTT	407	0.022113022107588937	0.0	0.022113022107588937	0.007371007369196312	0.007371007369196312	0.0024570024563987706	0.0024570024563987706	0.0	0.0024570024563987706	0.0024570024563987706	0.0	0.0	0.0	0.0	0.004914004912797541	0.0	0.0	0.007371007369196312	0.014742014738392624	0.0
CGCTAGGTGCGCACCTAGCG	0	0.0	0.0	0.0	0.0	0.0	0.0	0.0	0.0	0.0	0.0	0.0	0.0	0.0	0.0	0.0	0.0	0.0	0.0	0.0	0.0
CTCTAGGGTCGACCCTAGAG	0	0.0	0.0	0.0	0.0	0.0	0.0	0.0	0.0	0.0	0.0	0.0	0.0	0.0	0.0	0.0	0.0	0.0	0.0	0.0	0.0
TACGAGGTAGCTACCTCGTA	94	0.0	0.0	0.0	0.031914893583069266	0.0	0.031914893583069266	0.021276595722046175	0.0	0.0	0.031914893583069266	0.0	0.0	0.0	0.0	0.0	0.0	0.0	0.0	0.04255319144409235	0.04255319144409235
GTCTAGGTTGCAACCTAGAC	26	0.0	0.0	0.0	0.0	0.0	0.07692307662721894	0.0	0.0	0.0	0.26923076819526626	0.26923076819526626	0.0	0.0	0.0	0.03846153831360947	0.03846153831360947	0.0	0.0	0.03846153831360947	0.03846153831360947
TTGTAGGGTATACCCTACAA	11	0.0	0.0	0.09090909008264464	0.09090909008264464	0.0	0.0	0.09090909008264464	0.0	0.0	0.0	0.0	0.0	0.0	0.0	0.4545454504132232	0.0	0.0	0.0	0.0	0.0
ATGGAGGACGCGTCCTCCAT	0	0.0	0.0	0.0	0.0	0.0	0.0	0.0	0.0	0.0	0.0	0.0	0.0	0.0	0.0	0.0	0.0	0.0	0.0	0.0	0.0
GTATAGGTGATCACCTATAC	794	0.00251889168734019	0.01007556674936076	0.016372795967711237	0.0037783375310102853	0.008816120905690665	0.001259445843670095	0.00503778337468038	0.001259445843670095	0.001259445843670095	0.001259445843670095	0.001259445843670095	0.0	0.0	0.0037783375310102853	0.001259445843670095	0.018891687655051427	0.001259445843670095	0.007556675062020571	0.00251889168734019	0.00251889168734019
TTATAGGCGCGCGCCTATAA	0	0.0	0.0	0.0	0.0	0.0	0.0	0.0	0.0	0.0	0.0	0.0	0.0	0.0	0.0	0.0	0.0	0.0	0.0	0.0	0.0
CCGGAGGACATGTCCTCCGG	0	0.0	0.0	0.0	0.0	0.0	0.0	0.0	0.0	0.0	0.0	0.0	0.0	0.0	0.0	0.0	0.0	0.0	0.0	0.0	0.0
CGTTAGGAAGCTTCCTAACG	20	0.0	0.0	0.0	0.0	0.0	0.24999999874999998	0.049999999749999996	0.09999999949999999	0.0	0.19999999899999998	0.09999999949999999	0.0	0.049999999749999996	0.0	0.0	0.0	0.0	0.0	0.0	0.0
GATAAGGTCTAGACCTTATC	1582	0.005689001263862895	0.00379266750924193	0.0012642225030806433	0.001896333754620965	0.0012642225030806433	0.0006321112515403216	0.0006321112515403216	0.00379266750924193	0.001896333754620965	0.0	0.0	0.0012642225030806433	0.0012642225030806433	0.0012642225030806433	0.0025284450061612866	0.001896333754620965	0.001896333754620965	0.0012642225030806433	0.0025284450061612866	0.009481668773104825
TAGGAGGTTCGAACCTCCTA	234	0.01282051281503397	0.02136752135838995	0.00427350427167799	0.03418803417342392	0.0	0.01282051281503397	0.00427350427167799	0.01709401708671196	0.0	0.01282051281503397	0.00854700854335598	0.0	0.0	0.0	0.0	0.0	0.029914529901745927	0.0	0.01709401708671196	0.00427350427167799
ACCTAGGCGTACGCCTAGGT	57	0.017543859618344107	0.0	0.0	0.017543859618344107	0.0	0.017543859618344107	0.0	0.0	0.0	0.0	0.0	0.017543859618344107	0.035087719236688214	0.0	0.0	0.0	0.017543859618344107	0.035087719236688214	0.0	0.017543859618344107
TGTTAGGACGCGTCCTAACA	31	0.0	0.0	0.0	0.0	0.0	0.0	0.032258064412070755	0.0	0.12903225764828302	0.0	0.0	0.06451612882414151	0.0	0.06451612882414151	0.0	0.0	0.0	0.0	0.06451612882414151	0.06451612882414151
AACGAGGTACGTACCTCGTT	59	0.10169491508187302	0.016949152513645503	0.05084745754093651	0.11864406759551853	0.0	0.016949152513645503	0.0	0.016949152513645503	0.0	0.10169491508187302	0.10169491508187302	0.0	0.033898305027291006	0.016949152513645503	0.016949152513645503	0.0	0.06779661005458201	0.016949152513645503	0.033898305027291006	0.06779661005458201
ACGAAGGACATGTCCTTCGT	95	0.06315789467036012	0.010526315778393353	0.05263157889196676	0.0	0.0	0.010526315778393353	0.010526315778393353	0.0	0.0	0.0	0.0	0.0	0.0	0.021052631556786706	0.03157894733518006	0.010526315778393353	0.0	0.04210526311357341	0.010526315778393353	0.04210526311357341
AACGAGGGCCGGCCCTCGTT	3	0.0	0.0	0.0	0.9999999666666678	0.0	0.0	0.0	0.0	0.0	0.0	0.0	0.0	0.0	0.0	0.0	0.0	0.9999999666666678	0.0	0.0	0.0
TCGAAGGGTATACCCTTCGA	1	0.0	0.0	0.0	0.0	0.0	0.0	0.0	0.0	0.9999999000000099	0.0	0.0	0.9999999000000099	0.0	0.0	0.0	0.0	0.0	0.0	0.0	0.0
ATCGAGGTCGCGACCTCGAT	0	0.0	0.0	0.0	0.0	0.0	0.0	0.0	0.0	0.0	0.0	0.0	0.0	0.0	0.0	0.0	0.0	0.0	0.0	0.0	0.0
TCTAAGGACCGGTCCTTAGA	121	0.016528925606174444	0.008264462803087222	0.016528925606174444	0.0	0.0	0.0	0.024793388409261662	0.0	0.008264462803087222	0.024793388409261662	0.0	0.008264462803087222	0.0	0.008264462803087222	0.024793388409261662	0.0	0.0	0.0	0.03305785121234889	0.03305785121234889
TCCAAGGCGTACGCCTTGGA	18	0.0	0.0	0.0	0.0	0.0	0.0	0.0	0.0	0.0	0.0	0.0	0.0	0.05555555524691358	0.0	0.0	0.0	0.0	0.0	0.0	0.11111111049382716
GCTAAGGGTATACCCTTAGC	2	0.0	0.0	0.0	0.0	0.0	0.0	0.0	0.0	0.0	0.0	0.0	0.0	0.0	0.0	0.0	0.0	0.0	0.0	0.0	0.4999999750000013
GAACAGGTACGTACCTGTTC	9	0.11111110987654323	0.0	0.0	0.22222221975308645	0.0	0.0	0.0	0.0	0.0	0.4444444395061729	0.0	0.0	0.0	0.0	0.0	0.0	0.4444444395061729	0.0	0.0	0.11111110987654323
CGTAAGGGCGCGCCCTTACG	1	0.0	0.0	0.0	0.0	0.0	0.0	0.0	0.0	0.0	0.0	0.9999999000000099	0.0	0.0	0.0	0.0	0.0	0.0	0.0	0.0	0.0
CGCTAGGCATATGCCTAGCG	12	0.0	0.0	0.0	0.0	0.0	0.0	0.0	0.0	0.0	0.0	0.0	0.0	0.0	0.0	0.0	0.0	0.0	0.0	0.0	0.0
AACTAGGGCCGGCCCTAGTT	7	0.0	0.0	0.0	0.0	0.0	0.0	0.0	0.14285714081632656	0.0	0.0	0.14285714081632656	0.0	0.0	0.2857142816326531	0.2857142816326531	0.0	0.0	0.0	0.0	0.0
CCAAAGGCGCGCGCCTTTGG	0	0.0	0.0	0.0	0.0	0.0	0.0	0.0	0.0	0.0	0.0	0.0	0.0	0.0	0.0	0.0	0.0	0.0	0.0	0.0	0.0
GTCAAGGGGCGCCCCTTGAC	1	0.0	0.0	0.0	0.0	0.0	0.0	0.0	0.0	0.0	0.0	0.0	0.0	0.0	0.0	0.0	0.0	0.0	0.0	0.0	0.0
GAATAGGCTCGAGCCTATTC	42	0.023809523752834467	0.023809523752834467	0.0	0.0	0.023809523752834467	0.0	0.047619047505668935	0.023809523752834467	0.0	0.0	0.047619047505668935	0.0	0.0	0.0	0.0	0.0	0.0	0.023809523752834467	0.0	0.023809523752834467
TCATAGGTTCGAACCTATGA	1069	0.010289990644500467	0.008419083254591292	0.007483629559636704	0.0	0.005612722169727528	0.0	0.001870907389909176	0.003741814779818352	0.0	0.00467726847477294	0.003741814779818352	0.0	0.000935453694954588	0.001870907389909176	0.0	0.007483629559636704	0.002806361084863764	0.001870907389909176	0.003741814779818352	0.013096351729364231
CGCTAGGATGCATCCTAGCG	0	0.0	0.0	0.0	0.0	0.0	0.0	0.0	0.0	0.0	0.0	0.0	0.0	0.0	0.0	0.0	0.0	0.0	0.0	0.0	0.0
AAGTAGGGGCGCCCCTACTT	3	0.0	0.0	0.0	0.0	0.0	0.0	0.3333333222222226	0.0	0.0	0.3333333222222226	0.0	0.0	0.0	0.0	0.0	0.0	0.0	0.0	0.0	0.0
CCGTAGGCAGCTGCCTACGG	0	0.0	0.0	0.0	0.0	0.0	0.0	0.0	0.0	0.0	0.0	0.0	0.0	0.0	0.0	0.0	0.0	0.0	0.0	0.0	0.0
CCGGAGGATCGATCCTCCGG	3	0.0	0.3333333222222226	0.0	0.0	0.0	0.0	0.0	0.0	0.0	0.0	0.0	0.0	0.0	0.3333333222222226	0.3333333222222226	0.0	0.0	0.0	0.0	0.0
AACGAGGCTTAAGCCTCGTT	69	0.0	0.014492753602184416	0.0	0.0	0.0	0.0	0.0	0.014492753602184416	0.0	0.0	0.0	0.0	0.0	0.0	0.0	0.0	0.0	0.0	0.014492753602184416	0.0
TCGCAGGGACGTCCCTGCGA	1	0.0	0.0	0.0	0.0	0.0	0.0	0.0	0.0	0.0	0.0	0.9999999000000099	0.0	0.0	0.0	0.0	0.0	0.0	0.0	0.0	0.0
GTCTAGGTCCGGACCTAGAC	12	0.0	0.0	0.0	0.0	0.0	0.0833333326388889	0.1666666652777778	0.1666666652777778	0.0	0.1666666652777778	0.1666666652777778	0.0	0.0	0.0	0.0833333326388889	0.0	0.0	0.0	0.0	0.0833333326388889
TGGTAGGCGCGCGCCTACCA	0	0.0	0.0	0.0	0.0	0.0	0.0	0.0	0.0	0.0	0.0	0.0	0.0	0.0	0.0	0.0	0.0	0.0	0.0	0.0	0.0
TGTAAGGTCGCGACCTTACA	1	0.0	0.0	0.0	0.0	0.0	0.0	0.0	0.0	0.0	0.0	0.0	0.0	0.0	0.0	0.0	0.0	0.0	0.0	0.0	0.0
GTCGAGGACGCGTCCTCGAC	0	0.0	0.0	0.0	0.0	0.0	0.0	0.0	0.0	0.0	0.0	0.0	0.0	0.0	0.0	0.0	0.0	0.0	0.0	0.0	0.0
TGCGAGGAGATCTCCTCGCA	24	0.0	0.0833333329861111	0.0833333329861111	0.0833333329861111	0.0	0.0	0.04166666649305555	0.0	0.0	0.0	0.0	0.04166666649305555	0.0	0.0	0.12499999947916667	0.0	0.04166666649305555	0.04166666649305555	0.12499999947916667	0.0833333329861111
CAATAGGCGGCCGCCTATTG	0	0.0	0.0	0.0	0.0	0.0	0.0	0.0	0.0	0.0	0.0	0.0	0.0	0.0	0.0	0.0	0.0	0.0	0.0	0.0	0.0
AACTAGGACGCGTCCTAGTT	39	0.07692307672583826	0.0	0.05128205115055884	0.0	0.0	0.02564102557527942	0.0	0.02564102557527942	0.02564102557527942	0.0	0.05128205115055884	0.07692307672583826	0.02564102557527942	0.0	0.0	0.0	0.0	0.05128205115055884	0.07692307672583826	0.02564102557527942
TTCGAGGCGGCCGCCTCGAA	0	0.0	0.0	0.0	0.0	0.0	0.0	0.0	0.0	0.0	0.0	0.0	0.0	0.0	0.0	0.0	0.0	0.0	0.0	0.0	0.0
CACGAGGTACGTACCTCGTG	6	0.16666666388888893	0.0	0.0	0.16666666388888893	0.16666666388888893	0.0	0.0	0.0	0.0	0.0	0.0	0.0	0.0	0.0	0.0	0.0	0.0	0.0	0.0	0.16666666388888893
TCGTAGGCCTAGGCCTACGA	15	0.0	0.0	0.0	0.0	0.0	0.0	0.0	0.0	0.0	0.0	0.0	0.0	0.0	0.0	0.0	0.0	0.0	0.0	0.0	0.0
AACGAGGTATATACCTCGTT	687	0.008733624452877202	0.0014556040754795337	0.005822416301918135	0.0014556040754795337	0.0029112081509590675	0.0029112081509590675	0.0	0.0	0.0	0.005822416301918135	0.005822416301918135	0.0	0.0	0.004366812226438601	0.0029112081509590675	0.0	0.0014556040754795337	0.0029112081509590675	0.0	0.0029112081509590675
GCGTAGGTAGCTACCTACGC	3	0.0	0.0	0.0	0.0	0.0	0.3333333222222226	0.0	0.0	0.0	0.0	0.0	0.0	0.0	0.0	0.0	0.0	0.0	0.0	0.0	0.0
TCTAAGGCGATCGCCTTAGA	42	0.0	0.0714285712585034	0.0	0.0	0.0	0.0	0.0	0.023809523752834467	0.0	0.0	0.0	0.0	0.0	0.023809523752834467	0.023809523752834467	0.0	0.0	0.0	0.0714285712585034	0.023809523752834467
TTGCAGGCGATCGCCTGCAA	0	0.0	0.0	0.0	0.0	0.0	0.0	0.0	0.0	0.0	0.0	0.0	0.0	0.0	0.0	0.0	0.0	0.0	0.0	0.0	0.0
ACGTAGGGTTAACCCTACGT	375	0.02933333332551111	0.007999999997866667	0.015999999995733333	0.0	0.0	0.005333333331911111	0.0	0.0	0.0	0.0	0.0	0.0	0.005333333331911111	0.0026666666659555553	0.007999999997866667	0.0	0.0	0.013333333329777777	0.0	0.0239999999936
AGCTAGGTGCGCACCTAGCT	3	0.0	0.0	0.0	0.0	0.0	0.0	0.0	0.0	0.3333333222222226	0.0	0.0	0.3333333222222226	0.0	0.0	0.0	0.0	0.0	0.0	0.0	0.0
ACGGAGGATGCATCCTCCGT	24	0.0	0.04166666649305555	0.04166666649305555	0.04166666649305555	0.0833333329861111	0.0	0.04166666649305555	0.0	0.04166666649305555	0.0	0.0	0.0	0.0	0.0833333329861111	0.04166666649305555	0.0	0.04166666649305555	0.04166666649305555	0.0	0.0
TAGAAGGGGCGCCCCTTCTA	1	0.0	0.0	0.0	0.0	0.0	0.0	0.9999999000000099	0.0	0.0	0.0	0.0	0.0	0.0	0.0	0.0	0.0	0.0	0.0	0.0	0.0
CACTAGGCGTACGCCTAGTG	13	0.0	0.0	0.0	0.0	0.0	0.0	0.0	0.0	0.0	0.0	0.0	0.0	0.0	0.0	0.0	0.0	0.0	0.0	0.0	0.0
GATTAGGCCGCGGCCTAATC	0	0.0	0.0	0.0	0.0	0.0	0.0	0.0	0.0	0.0	0.0	0.0	0.0	0.0	0.0	0.0	0.0	0.0	0.0	0.0	0.0
ATCGAGGATGCATCCTCGAT	75	0.0	0.013333333315555557	0.013333333315555557	0.03999999994666667	0.0	0.0	0.026666666631111113	0.0	0.0	0.026666666631111113	0.05333333326222223	0.0	0.0	0.013333333315555557	0.013333333315555557	0.0	0.0	0.05333333326222223	0.013333333315555557	0.013333333315555557
CGCTAGGCGATCGCCTAGCG	2	0.4999999750000013	0.0	0.0	0.0	0.0	0.0	0.0	0.0	0.0	0.0	0.0	0.0	0.0	0.0	0.0	0.0	0.0	0.0	0.0	0.0
CGATAGGCTCGAGCCTATCG	5	0.0	0.0	0.0	0.0	0.0	0.0	0.0	0.19999999600000007	0.0	0.0	0.0	0.0	0.0	0.0	0.0	0.0	0.0	0.0	0.0	0.0
GGTAAGGGCGCGCCCTTACC	0	0.0	0.0	0.0	0.0	0.0	0.0	0.0	0.0	0.0	0.0	0.0	0.0	0.0	0.0	0.0	0.0	0.0	0.0	0.0	0.0
GAGTAGGAGCGCTCCTACTC	2	0.0	0.0	0.0	0.0	0.0	0.0	0.0	0.0	0.0	0.9999999500000026	0.0	0.0	0.0	0.0	0.0	0.0	0.0	0.0	0.0	0.0
TAATAGGGGTACCCCTATTA	9	0.0	0.11111110987654323	0.0	0.0	0.0	0.0	0.0	0.0	0.0	0.11111110987654323	0.0	0.0	0.22222221975308645	0.0	0.0	0.0	0.0	0.0	0.11111110987654323	0.11111110987654323
AACGAGGGAGCTCCCTCGTT	1	0.0	0.0	0.0	0.0	0.0	0.0	0.0	0.0	0.0	0.0	0.0	0.0	0.0	0.0	0.0	0.0	0.0	0.0	0.0	0.0
CCATAGGTGTACACCTATGG	246	0.02845528454127834	0.06097560973131073	0.016260162595016194	0.0	0.0	0.016260162595016194	0.0040650406487540485	0.0	0.0	0.0	0.0	0.012195121946262147	0.008130081297508097	0.0040650406487540485	0.0	0.0	0.012195121946262147	0.0	0.07723577232632692	0.0040650406487540485
ACGGAGGGGTACCCCTCCGT	6	0.0	0.16666666388888893	0.16666666388888893	0.0	0.0	0.0	0.0	0.0	0.16666666388888893	0.0	0.0	0.0	0.16666666388888893	0.0	0.0	0.0	0.16666666388888893	0.0	0.0	0.0
GCGTAGGACGCGTCCTACGC	0	0.0	0.0	0.0	0.0	0.0	0.0	0.0	0.0	0.0	0.0	0.0	0.0	0.0	0.0	0.0	0.0	0.0	0.0	0.0	0.0
GGTTAGGACGCGTCCTAACC	4	0.24999999375000015	0.0	0.0	0.0	0.0	0.0	0.0	0.0	0.0	0.0	0.0	0.0	0.24999999375000015	0.0	0.0	0.0	0.0	0.0	0.0	0.24999999375000015
TATCAGGGGGCCCCCTGATA	0	0.0	0.0	0.0	0.0	0.0	0.0	0.0	0.0	0.0	0.0	0.0	0.0	0.0	0.0	0.0	0.0	0.0	0.0	0.0	0.0
GCCGAGGATTAATCCTCGGC	17	0.0	0.11764705813148789	0.0	0.11764705813148789	0.0	0.0	0.0	0.0	0.0	0.0	0.0	0.0	0.0	0.058823529065743944	0.0	0.0	0.0	0.0	0.058823529065743944	0.0
CTTAAGGGGTACCCCTTAAG	919	0.0076169749719676855	0.005440696408548346	0.0	0.003264417845129008	0.0	0.0021762785634193388	0.0	0.0010881392817096694	0.0	0.003264417845129008	0.0021762785634193388	0.006528835690258016	0.0010881392817096694	0.005440696408548346	0.0010881392817096694	0.0	0.0021762785634193388	0.005440696408548346	0.0021762785634193388	0.015233949943935371
CGTTAGGCGATCGCCTAACG	0	0.0	0.0	0.0	0.0	0.0	0.0	0.0	0.0	0.0	0.0	0.0	0.0	0.0	0.0	0.0	0.0	0.0	0.0	0.0	0.0
CTATAGGTGTACACCTATAG	1323	0.003023431594631638	0.004535147391947456	0.010582010581210732	0.001511715797315819	0.018896447466447735	0.0	0.0007558578986579095	0.0007558578986579095	0.0007558578986579095	0.0007558578986579095	0.001511715797315819	0.002267573695973728	0.002267573695973728	0.001511715797315819	0.001511715797315819	0.024187452757053102	0.002267573695973728	0.002267573695973728	0.003023431594631638	0.0068027210879211845
ATGTAGGGACGTCCCTACAT	80	0.0	0.0	0.0	0.012499999984375001	0.012499999984375001	0.037499999953125	0.012499999984375001	0.0	0.0	0.049999999937500005	0.012499999984375001	0.0	0.0	0.037499999953125	0.0	0.024999999968750002	0.0	0.0	0.0	0.012499999984375001
AACGAGGCACGTGCCTCGTT	2	0.0	0.0	0.0	0.0	0.0	0.0	0.0	0.0	0.0	0.0	0.0	0.0	0.0	0.0	0.0	0.0	0.0	0.0	0.0	0.0
AGCGAGGGTCGACCCTCGCT	0	0.0	0.0	0.0	0.0	0.0	0.0	0.0	0.0	0.0	0.0	0.0	0.0	0.0	0.0	0.0	0.0	0.0	0.0	0.0	0.0
GACGAGGTCTAGACCTCGTC	0	0.0	0.0	0.0	0.0	0.0	0.0	0.0	0.0	0.0	0.0	0.0	0.0	0.0	0.0	0.0	0.0	0.0	0.0	0.0	0.0
TAGCAGGCGCGCGCCTGCTA	0	0.0	0.0	0.0	0.0	0.0	0.0	0.0	0.0	0.0	0.0	0.0	0.0	0.0	0.0	0.0	0.0	0.0	0.0	0.0	0.0
CACGAGGCTTAAGCCTCGTG	0	0.0	0.0	0.0	0.0	0.0	0.0	0.0	0.0	0.0	0.0	0.0	0.0	0.0	0.0	0.0	0.0	0.0	0.0	0.0	0.0
ATACAGGCGGCCGCCTGTAT	0	0.0	0.0	0.0	0.0	0.0	0.0	0.0	0.0	0.0	0.0	0.0	0.0	0.0	0.0	0.0	0.0	0.0	0.0	0.0	0.0
ACGGAGGTGATCACCTCCGT	15	0.0	0.0	0.0	0.0	0.06666666622222223	0.0	0.06666666622222223	0.0	0.06666666622222223	0.0	0.0	0.0	0.0	0.13333333244444445	0.0	0.0	0.0	0.0	0.0	0.0
ACTAAGGTGTACACCTTAGT	4	0.0	0.0	0.0	0.0	0.0	0.0	0.0	0.0	0.24999999375000015	0.0	0.0	0.0	0.0	0.0	0.0	0.0	0.0	0.0	0.24999999375000015	0.24999999375000015
TTGGAGGCGCGCGCCTCCAA	0	0.0	0.0	0.0	0.0	0.0	0.0	0.0	0.0	0.0	0.0	0.0	0.0	0.0	0.0	0.0	0.0	0.0	0.0	0.0	0.0
GGATAGGAGTACTCCTATCC	156	0.03846153843688363	0.006410256406147272	0.03205128203073636	0.006410256406147272	0.0	0.0	0.0	0.0	0.006410256406147272	0.0	0.0	0.006410256406147272	0.006410256406147272	0.0	0.0	0.006410256406147272	0.006410256406147272	0.0	0.0	0.006410256406147272
CTGTAGGGACGTCCCTACAG	9	0.0	0.22222221975308645	0.3333333296296297	0.0	0.0	0.11111110987654323	0.0	0.0	0.0	0.0	0.0	0.0	0.0	0.0	0.0	0.0	0.0	0.0	0.0	0.0
CGATAGGTTATAACCTATCG	1366	0.0036603221080775752	0.0036603221080775752	0.00146412884323103	0.00292825768646206	0.0021961932648465452	0.00146412884323103	0.0021961932648465452	0.0043923865296930905	0.0021961932648465452	0.00146412884323103	0.000732064421615515	0.0	0.00146412884323103	0.0	0.0	0.00146412884323103	0.00292825768646206	0.0	0.000732064421615515	0.0036603221080775752
ATGTAGGGTATACCCTACAT	9	0.0	0.11111110987654323	0.22222221975308645	0.0	0.0	0.0	0.11111110987654323	0.11111110987654323	0.0	0.0	0.0	0.0	0.11111110987654323	0.0	0.0	0.0	0.0	0.11111110987654323	0.0	0.0
TGTCAGGTACGTACCTGACA	100	0.039999999960000004	0.049999999950000006	0.0	0.009999999990000001	0.0	0.019999999980000002	0.009999999990000001	0.0	0.0	0.009999999990000001	0.029999999970000003	0.0	0.0	0.009999999990000001	0.009999999990000001	0.0	0.039999999960000004	0.0	0.019999999980000002	0.019999999980000002
GGCGAGGTATATACCTCGCC	0	0.0	0.0	0.0	0.0	0.0	0.0	0.0	0.0	0.0	0.0	0.0	0.0	0.0	0.0	0.0	0.0	0.0	0.0	0.0	0.0
TCGCAGGATTAATCCTGCGA	50	0.0	0.03999999992	0.03999999992	0.01999999996	0.0	0.0	0.0	0.0	0.0	0.0	0.0	0.0	0.0	0.01999999996	0.0	0.01999999996	0.0	0.0	0.01999999996	0.0
CCTTAGGTCGCGACCTAAGG	0	0.0	0.0	0.0	0.0	0.0	0.0	0.0	0.0	0.0	0.0	0.0	0.0	0.0	0.0	0.0	0.0	0.0	0.0	0.0	0.0
TGATAGGGACGTCCCTATCA	281	0.03558718859943516	0.042704626319322196	0.0035587188599435163	0.0	0.014234875439774065	0.0	0.007117437719887033	0.0	0.0035587188599435163	0.0035587188599435163	0.0	0.0	0.01779359429971758	0.007117437719887033	0.010676156579830549	0.010676156579830549	0.0035587188599435163	0.0	0.0035587188599435163	0.01779359429971758
TCTAAGGGGTACCCCTTAGA	925	0.002162162161928415	0.0032432432428926225	0.0	0.0	0.0	0.0	0.0	0.0	0.0032432432428926225	0.0032432432428926225	0.0010810810809642076	0.002162162161928415	0.0032432432428926225	0.0	0.0032432432428926225	0.0	0.0	0.0010810810809642076	0.0032432432428926225	0.005405405404821037
CGAAAGGCTATAGCCTTTCG	88	0.011363636350723141	0.034090909052169424	0.0	0.0	0.0	0.034090909052169424	0.0	0.0	0.011363636350723141	0.0	0.0	0.011363636350723141	0.011363636350723141	0.0	0.0	0.0	0.0	0.0	0.022727272701446283	0.022727272701446283
TCGAAGGACATGTCCTTCGA	215	0.004651162788534343	0.009302325577068686	0.004651162788534343	0.009302325577068686	0.0	0.009302325577068686	0.004651162788534343	0.0	0.004651162788534343	0.0	0.0	0.0	0.009302325577068686	0.009302325577068686	0.0	0.0	0.0	0.0	0.013953488365603029	0.004651162788534343
ACCGAGGATTAATCCTCGGT	5	0.0	0.0	0.5999999880000002	0.0	0.0	0.0	0.0	0.0	0.0	0.0	0.0	0.0	0.0	0.0	0.0	0.0	0.0	0.19999999600000007	0.0	0.0
TCGGAGGAACGTTCCTCCGA	5	0.0	0.0	0.19999999600000007	0.0	0.0	0.0	0.0	0.0	0.0	0.0	0.19999999600000007	0.0	0.0	0.0	0.19999999600000007	0.19999999600000007	0.0	0.0	0.0	0.0
TACTAGGACGCGTCCTAGTA	0	0.0	0.0	0.0	0.0	0.0	0.0	0.0	0.0	0.0	0.0	0.0	0.0	0.0	0.0	0.0	0.0	0.0	0.0	0.0	0.0
TTGAAGGCGGCCGCCTTCAA	0	0.0	0.0	0.0	0.0	0.0	0.0	0.0	0.0	0.0	0.0	0.0	0.0	0.0	0.0	0.0	0.0	0.0	0.0	0.0	0.0
GTCTAGGCTATAGCCTAGAC	1	0.0	0.0	0.0	0.0	0.0	0.0	0.0	0.0	0.0	0.0	0.0	0.0	0.0	0.0	0.0	0.0	0.0	0.0	0.0	0.0
CTATAGGACGCGTCCTATAG	1	0.0	0.0	0.0	0.0	0.0	0.0	0.0	0.0	0.0	0.0	0.0	0.0	0.0	0.0	0.0	0.0	0.0	0.0	0.0	0.0
TCCGAGGTACGTACCTCGGA	13	0.0	0.0	0.0	0.0	0.0	0.0	0.0	0.0	0.0	0.0	0.15384615266272192	0.0	0.0	0.07692307633136096	0.0	0.0	0.15384615266272192	0.0	0.0	0.0
TTAGAGGGACGTCCCTCTAA	338	0.01183431952312594	0.00591715976156297	0.002958579880781485	0.00591715976156297	0.0	0.008875739642344456	0.008875739642344456	0.01183431952312594	0.0	0.008875739642344456	0.017751479284688912	0.002958579880781485	0.002958579880781485	0.00591715976156297	0.0	0.0	0.0	0.00591715976156297	0.00591715976156297	0.014792899403907425
CCATAGGTTCGAACCTATGG	34	0.11764705847750864	0.0	0.08823529385813149	0.02941176461937716	0.0	0.02941176461937716	0.0	0.0	0.0	0.0	0.0	0.0	0.0	0.02941176461937716	0.0	0.0	0.02941176461937716	0.0	0.02941176461937716	0.05882352923875432
GATGAGGCGGCCGCCTCATC	1	0.0	0.0	0.0	0.0	0.0	0.0	0.0	0.0	0.0	0.0	0.0	0.0	0.0	0.0	0.0	0.0	0.0	0.0	0.0	0.0
CTAAAGGGTTAACCCTTTAG	2000	0.004499999999775	0.0039999999997999995	0.004499999999775	0.0039999999997999995	0.0019999999998999997	0.0	0.001499999999925	0.0	0.0049999999997499996	0.0119999999994	0.012499999999374999	0.0004999999999749999	0.0024999999998749998	0.003499999999825	0.0	0.0004999999999749999	0.0004999999999749999	0.0009999999999499999	0.0009999999999499999	0.00299999999985
CGTGAGGCGATCGCCTCACG	0	0.0	0.0	0.0	0.0	0.0	0.0	0.0	0.0	0.0	0.0	0.0	0.0	0.0	0.0	0.0	0.0	0.0	0.0	0.0	0.0
GTAAAGGCCCGGGCCTTTAC	2	0.0	0.0	0.0	0.0	0.0	0.0	0.0	0.0	0.0	0.0	0.0	0.0	0.0	0.0	0.0	0.0	0.0	0.0	0.0	0.0
TTCGAGGCCCGGGCCTCGAA	0	0.0	0.0	0.0	0.0	0.0	0.0	0.0	0.0	0.0	0.0	0.0	0.0	0.0	0.0	0.0	0.0	0.0	0.0	0.0	0.0
CATTAGGCTCGAGCCTAATG	23	0.0434782606805293	0.0434782606805293	0.0	0.0	0.0	0.0434782606805293	0.0	0.0434782606805293	0.0	0.0	0.0	0.0	0.0	0.0	0.0434782606805293	0.0	0.0	0.0	0.0	0.0
TGGAAGGCGTACGCCTTCCA	10	0.0	0.0	0.0	0.0	0.0	0.0	0.0	0.0	0.0	0.0	0.0	0.0	0.0	0.09999999900000002	0.0	0.0	0.0	0.0	0.0	0.0
CCCAAGGTCGCGACCTTGGG	0	0.0	0.0	0.0	0.0	0.0	0.0	0.0	0.0	0.0	0.0	0.0	0.0	0.0	0.0	0.0	0.0	0.0	0.0	0.0	0.0
GGCGAGGTGTACACCTCGCC	0	0.0	0.0	0.0	0.0	0.0	0.0	0.0	0.0	0.0	0.0	0.0	0.0	0.0	0.0	0.0	0.0	0.0	0.0	0.0	0.0
AACGAGGGTATACCCTCGTT	4	0.0	0.0	0.0	0.0	0.0	0.0	0.4999999875000003	0.7499999812500004	0.0	0.0	0.0	0.0	0.0	0.0	0.0	0.0	0.24999999375000015	0.0	0.0	0.0
GTCTAGGTCGCGACCTAGAC	8	0.0	0.0	0.0	0.0	0.0	0.0	0.0	0.0	0.3749999953125001	0.24999999687500005	0.4999999937500001	0.3749999953125001	0.0	0.0	0.0	0.0	0.0	0.0	0.0	0.0
CCTAAGGTGCGCACCTTAGG	9	0.0	0.0	0.0	0.0	0.0	0.0	0.0	0.0	0.3333333296296297	0.0	0.0	0.0	0.0	0.0	0.22222221975308645	0.0	0.0	0.0	0.0	0.0
AATGAGGATCGATCCTCATT	691	0.018813314034904008	0.013024602024164313	0.004341534008054771	0.005788712010739694	0.0	0.005788712010739694	0.002894356005369847	0.0	0.008683068016109541	0.002894356005369847	0.002894356005369847	0.010130246018794465	0.0	0.004341534008054771	0.002894356005369847	0.0	0.0014471780026849236	0.004341534008054771	0.004341534008054771	0.0
CGGAAGGACTAGTCCTTCCG	46	0.0	0.02173913038752363	0.06521739116257089	0.0	0.0	0.0	0.02173913038752363	0.0	0.0	0.0	0.0	0.06521739116257089	0.0	0.0	0.0	0.0	0.0	0.0	0.0	0.0
ACGTAGGCGCGCGCCTACGT	0	0.0	0.0	0.0	0.0	0.0	0.0	0.0	0.0	0.0	0.0	0.0	0.0	0.0	0.0	0.0	0.0	0.0	0.0	0.0	0.0
AGTAAGGCCCGGGCCTTACT	7	0.0	0.0	0.0	0.0	0.0	0.0	0.0	0.2857142816326531	0.2857142816326531	0.0	0.0	0.0	0.14285714081632656	0.0	0.0	0.0	0.0	0.0	0.0	0.0
TTTAAGGCGATCGCCTTAAA	99	0.07070707063564943	0.0	0.01010101009080706	0.02020202018161412	0.0	0.0	0.0	0.0	0.01010101009080706	0.0	0.01010101009080706	0.01010101009080706	0.01010101009080706	0.0	0.0	0.0	0.0	0.0	0.0	0.07070707063564943
AGTAAGGTCCGGACCTTACT	74	0.0	0.013513513495252009	0.0	0.0	0.0	0.0	0.0	0.013513513495252009	0.013513513495252009	0.027027026990504018	0.027027026990504018	0.054054053981008036	0.013513513495252009	0.027027026990504018	0.013513513495252009	0.0	0.0	0.0	0.04054054048575603	0.027027026990504018
ATGTAGGACGCGTCCTACAT	34	0.0	0.02941176461937716	0.02941176461937716	0.0	0.0	0.02941176461937716	0.02941176461937716	0.0	0.02941176461937716	0.0	0.0	0.08823529385813149	0.0	0.08823529385813149	0.02941176461937716	0.0	0.0	0.0	0.0	0.0
GTTGAGGACGCGTCCTCAAC	0	0.0	0.0	0.0	0.0	0.0	0.0	0.0	0.0	0.0	0.0	0.0	0.0	0.0	0.0	0.0	0.0	0.0	0.0	0.0	0.0
GATAAGGAGCGCTCCTTATC	61	0.04918032778822897	0.03278688519215265	0.0	0.0	0.0	0.03278688519215265	0.03278688519215265	0.016393442596076325	0.0	0.04918032778822897	0.04918032778822897	0.04918032778822897	0.0	0.03278688519215265	0.0	0.0	0.0	0.0	0.03278688519215265	0.03278688519215265
TTATAGGGGTACCCCTATAA	1226	0.008156606850884452	0.003262642740353781	0.026916802607918695	0.0008156606850884452	0.01876019575703424	0.0008156606850884452	0.0008156606850884452	0.0016313213701768905	0.0	0.0008156606850884452	0.0024469820552653356	0.0016313213701768905	0.0016313213701768905	0.0024469820552653356	0.0016313213701768905	0.009787928221061342	0.0	0.009787928221061342	0.0057096247956191165	0.017944535071945794
CTCGAGGATATATCCTCGAG	440	0.004545454544421487	0.006818181816632231	0.006818181816632231	0.004545454544421487	0.0022727272722107435	0.006818181816632231	0.0022727272722107435	0.04090909089979339	0.0	0.0	0.004545454544421487	0.0	0.038636363627582646	0.0	0.0	0.0022727272722107435	0.0	0.004545454544421487	0.015909090905475206	0.022727272722107436
GGCGAGGCTATAGCCTCGCC	1	0.0	0.0	0.0	0.0	0.0	0.0	0.0	0.0	0.0	0.0	0.0	0.0	0.0	0.0	0.0	0.0	0.0	0.0	0.0	0.0
CTCGAGGAGTACTCCTCGAG	1	0.0	0.0	0.0	0.0	0.0	0.0	0.0	0.0	0.0	0.0	0.0	0.0	0.0	0.0	0.0	0.0	0.9999999000000099	0.0	0.0	0.0
AAACAGGTACGTACCTGTTT	401	0.0074812967562390776	0.0	0.01246882792706513	0.017456359097891182	0.0	0.0	0.0074812967562390776	0.0	0.0	0.002493765585413026	0.0	0.0	0.0	0.002493765585413026	0.002493765585413026	0.0	0.0074812967562390776	0.02493765585413026	0.002493765585413026	0.0074812967562390776
CCGTAGGTGGCCACCTACGG	0	0.0	0.0	0.0	0.0	0.0	0.0	0.0	0.0	0.0	0.0	0.0	0.0	0.0	0.0	0.0	0.0	0.0	0.0	0.0	0.0
CTGAAGGCGATCGCCTTCAG	5	0.0	0.0	0.0	0.0	0.0	0.0	0.0	0.0	0.0	0.0	0.0	0.19999999600000007	0.0	0.0	0.0	0.0	0.0	0.0	0.0	0.0
CTTAAGGTGCGCACCTTAAG	1	0.0	0.0	0.0	0.0	0.0	0.0	0.0	0.0	0.0	0.0	0.0	0.0	0.0	0.0	0.0	0.0	0.0	0.0	0.0	0.0
GCCGAGGTAGCTACCTCGGC	0	0.0	0.0	0.0	0.0	0.0	0.0	0.0	0.0	0.0	0.0	0.0	0.0	0.0	0.0	0.0	0.0	0.0	0.0	0.0	0.0
CACGAGGGGATCCCCTCGTG	0	0.0	0.0	0.0	0.0	0.0	0.0	0.0	0.0	0.0	0.0	0.0	0.0	0.0	0.0	0.0	0.0	0.0	0.0	0.0	0.0
CGGTAGGTCGCGACCTACCG	0	0.0	0.0	0.0	0.0	0.0	0.0	0.0	0.0	0.0	0.0	0.0	0.0	0.0	0.0	0.0	0.0	0.0	0.0	0.0	0.0
TGTTAGGTCTAGACCTAACA	1318	0.003793626706844186	0.005311077389581861	0.0	0.0015174506827376744	0.0060698027309506975	0.0015174506827376744	0.0007587253413688372	0.005311077389581861	0.0030349013654753488	0.0007587253413688372	0.0022761760241065115	0.0007587253413688372	0.0030349013654753488	0.0022761760241065115	0.0015174506827376744	0.0060698027309506975	0.0	0.0	0.003793626706844186	0.017450682851483254
AACTAGGTCGCGACCTAGTT	36	0.0	0.0	0.0	0.0	0.0	0.0	0.027777777700617283	0.027777777700617283	0.055555555401234566	0.08333333310185186	0.0	0.1666666662037037	0.027777777700617283	0.055555555401234566	0.027777777700617283	0.0	0.0	0.08333333310185186	0.055555555401234566	0.0
GTCTAGGTTTAAACCTAGAC	1013	0.003948667324388088	0.001974333662194044	0.002961500493291066	0.001974333662194044	0.000987166831097022	0.000987166831097022	0.0	0.005923000986582132	0.0	0.002961500493291066	0.002961500493291066	0.0	0.002961500493291066	0.000987166831097022	0.0	0.000987166831097022	0.003948667324388088	0.000987166831097022	0.001974333662194044	0.00493583415548511
TCGTAGGGTTAACCCTACGA	587	0.02555366268729921	0.023850085174812595	0.0068143100499464555	0.0	0.0017035775124866139	0.0	0.005110732537459841	0.0034071550249732277	0.0034071550249732277	0.03236797273724566	0.03236797273724566	0.0017035775124866139	0.0	0.0017035775124866139	0.0	0.0	0.0	0.0017035775124866139	0.0	0.015332197612379524
GATTAGGCGGCCGCCTAATC	2	0.0	0.0	0.0	0.0	0.0	0.0	0.0	0.0	0.0	0.4999999750000013	0.0	0.0	0.0	0.0	0.0	0.0	0.0	0.0	0.0	0.0
GAATAGGTACGTACCTATTC	410	0.01707317072754313	0.026829268286139202	0.0	0.009756097558596074	0.0	0.0024390243896490185	0.004878048779298037	0.0024390243896490185	0.0	0.0024390243896490185	0.004878048779298037	0.0	0.0024390243896490185	0.0024390243896490185	0.0024390243896490185	0.0024390243896490185	0.012195121948245092	0.007317073168947055	0.0	0.009756097558596074
CCCAAGGTTCGAACCTTGGG	9	0.3333333296296297	0.0	0.0	0.3333333296296297	0.0	0.0	0.0	0.0	0.0	0.0	0.0	0.0	0.0	0.11111110987654323	0.11111110987654323	0.0	0.0	0.0	0.0	0.0
CGTAAGGCACGTGCCTTACG	8	0.0	0.0	0.0	0.0	0.0	0.0	0.0	0.0	0.0	0.0	0.0	0.0	0.0	0.0	0.0	0.0	0.0	0.0	0.0	0.0
ACGAAGGATGCATCCTTCGT	44	0.0681818180268595	0.09090909070247934	0.022727272675619834	0.04545454535123967	0.0	0.0	0.022727272675619834	0.04545454535123967	0.0	0.022727272675619834	0.0	0.0	0.022727272675619834	0.0	0.0681818180268595	0.0	0.04545454535123967	0.0	0.022727272675619834	0.022727272675619834
TCGAAGGGAATTCCCTTCGA	82	0.03658536580904224	0.07317073161808448	0.024390243872694825	0.0	0.0	0.0	0.0	0.012195121936347413	0.012195121936347413	0.0	0.0	0.012195121936347413	0.024390243872694825	0.0	0.012195121936347413	0.0	0.0	0.0	0.024390243872694825	0.024390243872694825
TGCGAGGCGATCGCCTCGCA	1	0.0	0.0	0.0	0.0	0.0	0.0	0.0	0.0	0.0	0.0	0.0	0.0	0.0	0.9999999000000099	0.0	0.0	0.0	0.0	0.0	0.9999999000000099
ACGAAGGAGCGCTCCTTCGT	0	0.0	0.0	0.0	0.0	0.0	0.0	0.0	0.0	0.0	0.0	0.0	0.0	0.0	0.0	0.0	0.0	0.0	0.0	0.0	0.0
CGTCAGGTCGCGACCTGACG	0	0.0	0.0	0.0	0.0	0.0	0.0	0.0	0.0	0.0	0.0	0.0	0.0	0.0	0.0	0.0	0.0	0.0	0.0	0.0	0.0
GATGAGGTCCGGACCTCATC	13	0.0	0.0	0.0	0.0	0.0	0.15384615266272192	0.0	0.0	0.0	0.30769230532544384	0.38461538165680476	0.0	0.0	0.0	0.07692307633136096	0.0	0.0	0.0	0.0	0.0
AAATAGGACGCGTCCTATTT	321	0.006230529593074601	0.0031152647965373005	0.0	0.0031152647965373005	0.006230529593074601	0.0031152647965373005	0.0031152647965373005	0.006230529593074601	0.0	0.0031152647965373005	0.006230529593074601	0.009345794389611901	0.0031152647965373005	0.006230529593074601	0.0031152647965373005	0.009345794389611901	0.006230529593074601	0.015576323982686503	0.0031152647965373005	0.0031152647965373005
TAGTAGGTTCGAACCTACTA	533	0.007504690430111691	0.0	0.0037523452150558453	0.016885553467751304	0.0	0.0037523452150558453	0.0	0.022514071290335072	0.0	0.0018761726075279227	0.0037523452150558453	0.0	0.007504690430111691	0.0018761726075279227	0.0	0.0037523452150558453	0.018761726075279227	0.0018761726075279227	0.0018761726075279227	0.0037523452150558453
CGTTAGGACATGTCCTAACG	0	0.0	0.0	0.0	0.0	0.0	0.0	0.0	0.0	0.0	0.0	0.0	0.0	0.0	0.0	0.0	0.0	0.0	0.0	0.0	0.0
CGAAAGGTCGCGACCTTTCG	0	0.0	0.0	0.0	0.0	0.0	0.0	0.0	0.0	0.0	0.0	0.0	0.0	0.0	0.0	0.0	0.0	0.0	0.0	0.0	0.0
GTTTAGGCGATCGCCTAAAC	3	0.0	0.0	0.0	0.0	0.0	0.0	0.0	0.0	0.3333333222222226	0.0	0.0	0.0	0.0	0.0	0.0	0.3333333222222226	0.0	0.0	0.0	0.0
CGTGAGGCATATGCCTCACG	10	0.0	0.0	0.0	0.0	0.0	0.0	0.0	0.0	0.0	0.0	0.0	0.0	0.0	0.0	0.0	0.0	0.0	0.0	0.0	0.0
TAATAGGTCGCGACCTATTA	237	0.021097046404600403	0.016877637123680324	0.0	0.0	0.004219409280920081	0.008438818561840162	0.0	0.0	0.0	0.012658227842760241	0.0	0.008438818561840162	0.0	0.008438818561840162	0.0	0.008438818561840162	0.0	0.008438818561840162	0.004219409280920081	0.012658227842760241
TCCGAGGGTCGACCCTCGGA	0	0.0	0.0	0.0	0.0	0.0	0.0	0.0	0.0	0.0	0.0	0.0	0.0	0.0	0.0	0.0	0.0	0.0	0.0	0.0	0.0
GTACAGGTTCGAACCTGTAC	44	0.0681818180268595	0.0	0.0	0.022727272675619834	0.0	0.04545454535123967	0.0	0.0	0.04545454535123967	0.0	0.04545454535123967	0.0	0.0	0.0681818180268595	0.022727272675619834	0.0	0.0	0.0	0.0	0.0
GTTGAGGATCGATCCTCAAC	116	0.07758620682966706	0.06896551718192628	0.0	0.0603448275341855	0.008620689647740785	0.008620689647740785	0.025862068943222356	0.0	0.008620689647740785	0.0	0.008620689647740785	0.008620689647740785	0.0	0.0	0.01724137929548157	0.008620689647740785	0.008620689647740785	0.025862068943222356	0.0	0.025862068943222356
GGTCAGGATATATCCTGACC	997	0.006018054161883847	0.001003009026980641	0.002006018053961282	0.001003009026980641	0.0	0.001003009026980641	0.004012036107922564	0.0	0.0030090270809419234	0.0	0.0	0.0	0.002006018053961282	0.0	0.002006018053961282	0.0	0.0	0.006018054161883847	0.006018054161883847	0.0030090270809419234
ACGGAGGGTCGACCCTCCGT	4	0.0	0.0	0.0	0.0	0.0	0.24999999375000015	0.0	0.0	0.0	0.0	0.0	0.0	0.0	0.0	0.0	0.0	0.24999999375000015	0.0	0.0	0.0
TTGTAGGGCGCGCCCTACAA	3	0.0	0.0	0.0	0.0	0.0	0.0	0.0	0.0	0.0	0.0	0.0	0.0	0.0	0.0	0.0	0.3333333222222226	0.0	0.6666666444444452	0.6666666444444452	0.0
CTCGAGGTTATAACCTCGAG	396	0.0	0.007575757573844506	0.007575757573844506	0.002525252524614835	0.0	0.00505050504922967	0.0	0.04040404039383736	0.0	0.0	0.002525252524614835	0.0	0.02525252524614835	0.002525252524614835	0.0	0.0	0.0	0.002525252524614835	0.012626262623074175	0.012626262623074175
CTCTAGGTACGTACCTAGAG	282	0.01063829786856798	0.014184397158090637	0.014184397158090637	0.0	0.007092198579045319	0.0	0.0035460992895226594	0.007092198579045319	0.0	0.0	0.014184397158090637	0.0035460992895226594	0.0	0.0	0.01063829786856798	0.0035460992895226594	0.0	0.014184397158090637	0.014184397158090637	0.0177304964476133
GATCAGGCGCGCGCCTGATC	0	0.0	0.0	0.0	0.0	0.0	0.0	0.0	0.0	0.0	0.0	0.0	0.0	0.0	0.0	0.0	0.0	0.0	0.0	0.0	0.0
ACTTAGGGTATACCCTAAGT	1982	0.007063572148987711	0.004540867810063528	0.0	0.0010090817355696729	0.007568113016772547	0.0015136226033545094	0.0005045408677848364	0.0010090817355696729	0.0010090817355696729	0.0010090817355696729	0.0010090817355696729	0.003027245206709019	0.0020181634711393458	0.0015136226033545094	0.0015136226033545094	0.0015136226033545094	0.0010090817355696729	0.0020181634711393458	0.004540867810063528	0.006559031281202874
CGTAAGGAAATTTCCTTACG	359	0.011142061278233409	0.013927576597791761	0.0	0.002785515319558352	0.0	0.0	0.002785515319558352	0.002785515319558352	0.0	0.002785515319558352	0.0	0.0	0.0	0.0	0.002785515319558352	0.005571030639116704	0.002785515319558352	0.0	0.002785515319558352	0.005571030639116704
CGAGAGGTTATAACCTCTCG	4	0.0	0.0	0.0	0.24999999375000015	0.0	0.0	0.0	0.0	0.0	0.0	0.0	0.0	0.0	0.0	0.0	0.0	0.24999999375000015	0.0	0.0	0.24999999375000015
ATATAGGCTCGAGCCTATAT	280	0.010714285710459183	0.014285714280612243	0.021428571420918367	0.003571428570153061	0.0	0.003571428570153061	0.003571428570153061	0.003571428570153061	0.0	0.0	0.003571428570153061	0.0	0.0	0.003571428570153061	0.0	0.007142857140306122	0.0	0.0	0.0	0.0
GGTTAGGGACGTCCCTAACC	0	0.0	0.0	0.0	0.0	0.0	0.0	0.0	0.0	0.0	0.0	0.0	0.0	0.0	0.0	0.0	0.0	0.0	0.0	0.0	0.0
CGTCAGGATGCATCCTGACG	6	0.0	0.0	0.0	0.0	0.0	0.0	0.0	0.0	0.0	0.0	0.16666666388888893	0.0	0.16666666388888893	0.0	0.16666666388888893	0.0	0.0	0.0	0.16666666388888893	0.0
TTTAAGGCTCGAGCCTTAAA	199	0.015075376876846545	0.0	0.0	0.025125628128077573	0.005025125625615515	0.025125628128077573	0.0	0.0	0.0	0.0	0.0	0.0	0.005025125625615515	0.015075376876846545	0.005025125625615515	0.02010050250246206	0.0	0.04020100500492412	0.0	0.0
ACTTAGGACGCGTCCTAAGT	29	0.03448275850178359	0.0	0.03448275850178359	0.0	0.0	0.0	0.0	0.0	0.03448275850178359	0.0	0.0	0.06896551700356718	0.0	0.06896551700356718	0.03448275850178359	0.0	0.0	0.0	0.03448275850178359	0.03448275850178359
CCGAAGGTTTAAACCTTCGG	228	0.0131578947310711	0.004385964910357033	0.0131578947310711	0.0	0.004385964910357033	0.0	0.0	0.004385964910357033	0.0	0.0	0.004385964910357033	0.004385964910357033	0.004385964910357033	0.0	0.0	0.0	0.0	0.0263157894621422	0.01754385964142813	0.0
TAGAAGGGCGCGCCCTTCTA	4	0.0	0.0	0.0	0.0	0.0	0.0	0.0	0.0	0.24999999375000015	0.0	0.0	0.0	0.0	0.0	0.24999999375000015	0.0	0.0	0.0	0.0	0.0
GCTTAGGCACGTGCCTAAGC	0	0.0	0.0	0.0	0.0	0.0	0.0	0.0	0.0	0.0	0.0	0.0	0.0	0.0	0.0	0.0	0.0	0.0	0.0	0.0	0.0
ACTGAGGACGCGTCCTCAGT	0	0.0	0.0	0.0	0.0	0.0	0.0	0.0	0.0	0.0	0.0	0.0	0.0	0.0	0.0	0.0	0.0	0.0	0.0	0.0	0.0
TCTAAGGCGCGCGCCTTAGA	0	0.0	0.0	0.0	0.0	0.0	0.0	0.0	0.0	0.0	0.0	0.0	0.0	0.0	0.0	0.0	0.0	0.0	0.0	0.0	0.0
CAGTAGGTACGTACCTACTG	34	0.02941176461937716	0.0	0.0	0.0	0.0	0.08823529385813149	0.02941176461937716	0.0	0.0	0.05882352923875432	0.02941176461937716	0.02941176461937716	0.0	0.0	0.0	0.0	0.0	0.0	0.0	0.0
CGCGAGGACATGTCCTCGCG	3	0.0	0.0	0.0	0.0	0.0	0.0	0.0	0.3333333222222226	0.0	0.0	0.0	0.0	0.0	0.0	0.0	0.0	0.0	0.0	0.0	0.3333333222222226
TTCTAGGCCGCGGCCTAGAA	6	0.0	0.16666666388888893	0.0	0.0	0.0	0.0	0.0	0.0	0.0	0.0	0.0	0.0	0.16666666388888893	0.0	0.0	0.0	0.0	0.0	0.0	0.0
ATACAGGGTTAACCCTGTAT	810	0.01111111110973937	0.0012345679010821523	0.0012345679010821523	0.0024691358021643045	0.0012345679010821523	0.0024691358021643045	0.0024691358021643045	0.0	0.0012345679010821523	0.0	0.0012345679010821523	0.0	0.0037037037032464563	0.0024691358021643045	0.0012345679010821523	0.0	0.014814814812985825	0.004938271604328609	0.0012345679010821523	0.0037037037032464563
TGCAAGGGTCGACCCTTGCA	2	0.0	0.0	0.0	0.0	0.0	0.0	0.0	0.0	0.0	0.0	0.4999999750000013	0.0	0.0	0.0	0.0	0.0	0.0	0.0	0.0	0.0
GGTTAGGCTTAAGCCTAACC	79	0.050632911328312775	0.025316455664156388	0.0	0.0	0.0	0.025316455664156388	0.0	0.0	0.0	0.0	0.0	0.0	0.012658227832078194	0.0	0.012658227832078194	0.0	0.0	0.0	0.012658227832078194	0.0
AAGAAGGTCGCGACCTTCTT	9	0.0	0.0	0.22222221975308645	0.11111110987654323	0.0	0.0	0.11111110987654323	0.0	0.0	0.0	0.0	0.0	0.0	0.0	0.11111110987654323	0.0	0.0	0.0	0.0	0.0
CGAAAGGGTCGACCCTTTCG	12	0.0833333326388889	0.0833333326388889	0.0	0.0	0.0	0.0	0.0	0.0	0.0	0.0	0.2499999979166667	0.0	0.0	0.2499999979166667	0.0	0.0	0.0	0.0	0.0	0.0
GCTTAGGACTAGTCCTAAGC	97	0.07216494837921139	0.07216494837921139	0.030927835019662026	0.0	0.010309278339887342	0.010309278339887342	0.0	0.0	0.0	0.0	0.010309278339887342	0.0	0.0	0.010309278339887342	0.020618556679774684	0.0	0.0	0.010309278339887342	0.030927835019662026	0.020618556679774684
CGGTAGGAGTACTCCTACCG	29	0.10344827550535077	0.17241379250891795	0.0	0.0	0.0	0.0	0.06896551700356718	0.0	0.03448275850178359	0.0	0.0	0.03448275850178359	0.0	0.03448275850178359	0.0	0.0	0.0	0.03448275850178359	0.0	0.0
GCGAAGGAGTACTCCTTCGC	4	0.0	0.24999999375000015	0.24999999375000015	0.0	0.0	0.0	0.0	0.0	0.0	0.0	0.0	0.0	0.0	0.0	0.24999999375000015	0.0	0.0	0.0	0.0	0.0
ACGGAGGTGGCCACCTCCGT	5	0.0	0.0	0.0	0.0	0.0	0.0	0.0	0.0	0.0	0.19999999600000007	0.19999999600000007	0.0	0.0	0.0	0.0	0.0	0.0	0.0	0.0	0.0
GTCAAGGCGGCCGCCTTGAC	0	0.0	0.0	0.0	0.0	0.0	0.0	0.0	0.0	0.0	0.0	0.0	0.0	0.0	0.0	0.0	0.0	0.0	0.0	0.0	0.0
TGAGAGGCGCGCGCCTCTCA	0	0.0	0.0	0.0	0.0	0.0	0.0	0.0	0.0	0.0	0.0	0.0	0.0	0.0	0.0	0.0	0.0	0.0	0.0	0.0	0.0
ATTTAGGGGTACCCCTAAAT	2759	0.0039869517939838004	0.004349401957073237	0.0003624501630894364	0.0010873504892683092	0.009423704240325346	0.0003624501630894364	0.0010873504892683092	0.0003624501630894364	0.0010873504892683092	0.0010873504892683092	0.0010873504892683092	0.0007249003261788728	0.0007249003261788728	0.0010873504892683092	0.0007249003261788728	0.002899601304715491	0.003262051467804928	0.005074302283252109	0.0007249003261788728	0.0119608553819514
CTCGAGGCGTACGCCTCGAG	5	0.0	0.0	0.0	0.0	0.0	0.0	0.0	0.0	0.0	0.0	0.0	0.0	0.0	0.0	0.0	0.0	0.0	0.0	0.0	0.0
ACCGAGGGCTAGCCCTCGGT	3	0.0	0.0	0.0	0.0	0.0	0.0	0.0	0.0	0.0	0.0	0.0	0.0	0.0	0.0	0.0	0.0	0.0	0.0	0.0	0.0
GGGTAGGTAATTACCTACCC	103	0.03883495141860684	0.0	0.0	0.00970873785465171	0.0	0.01941747570930342	0.0	0.0	0.0	0.0	0.0	0.0	0.0	0.0	0.00970873785465171	0.0	0.00970873785465171	0.00970873785465171	0.00970873785465171	0.0
GGTAAGGCGATCGCCTTACC	0	0.0	0.0	0.0	0.0	0.0	0.0	0.0	0.0	0.0	0.0	0.0	0.0	0.0	0.0	0.0	0.0	0.0	0.0	0.0	0.0
CGTTAGGACCGGTCCTAACG	10	0.0	0.0	0.0	0.0	0.0	0.0	0.09999999900000002	0.0	0.19999999800000004	0.19999999800000004	0.2999999970000001	0.09999999900000002	0.0	0.0	0.2999999970000001	0.0	0.0	0.0	0.0	0.0
TAGTAGGGGCGCCCCTACTA	1	0.9999999000000099	0.0	0.0	0.0	0.0	0.0	0.0	0.0	0.0	0.0	0.0	0.0	0.0	0.0	0.0	0.0	0.0	0.0	0.0	0.9999999000000099
AGTTAGGCGCGCGCCTAACT	0	0.0	0.0	0.0	0.0	0.0	0.0	0.0	0.0	0.0	0.0	0.0	0.0	0.0	0.0	0.0	0.0	0.0	0.0	0.0	0.0
ACTAAGGCGCGCGCCTTAGT	0	0.0	0.0	0.0	0.0	0.0	0.0	0.0	0.0	0.0	0.0	0.0	0.0	0.0	0.0	0.0	0.0	0.0	0.0	0.0	0.0
TTCTAGGGTCGACCCTAGAA	140	0.04999999996428572	0.0	0.042857142826530616	0.0	0.007142857137755102	0.007142857137755102	0.007142857137755102	0.021428571413265308	0.0	0.02857142855102041	0.021428571413265308	0.0	0.007142857137755102	0.014285714275510205	0.021428571413265308	0.0	0.0	0.02857142855102041	0.042857142826530616	0.0
ATATAGGGTTAACCCTATAT	60	0.03333333327777778	0.01666666663888889	0.0	0.08333333319444444	0.01666666663888889	0.0	0.0	0.0	0.0	0.0	0.0	0.0	0.0	0.01666666663888889	0.0	0.0	0.08333333319444444	0.03333333327777778	0.01666666663888889	0.03333333327777778
CCGGAGGGAATTCCCTCCGG	16	0.0	0.0	0.0	0.0	0.0	0.062499999609374995	0.0	0.062499999609374995	0.062499999609374995	0.0	0.062499999609374995	0.062499999609374995	0.12499999921874999	0.0	0.062499999609374995	0.0	0.0	0.062499999609374995	0.0	0.0
CGTTAGGAACGTTCCTAACG	12	0.2499999979166667	0.3333333305555556	0.0	0.0	0.0	0.0833333326388889	0.0	0.0	0.0	0.0833333326388889	0.2499999979166667	0.0	0.0	0.0	0.0833333326388889	0.0	0.0	0.0833333326388889	0.0	0.0
TATAAGGCCGCGGCCTTATA	11	0.0	0.0	0.0	0.0	0.0	0.0	0.0	0.09090909008264464	0.0	0.0	0.09090909008264464	0.0	0.0	0.09090909008264464	0.09090909008264464	0.0	0.0	0.0	0.0	0.0
GGTAAGGAACGTTCCTTACC	8	0.0	0.24999999687500005	0.0	0.0	0.0	0.12499999843750002	0.12499999843750002	0.0	0.0	0.0	0.24999999687500005	0.0	0.0	0.0	0.0	0.0	0.0	0.0	0.3749999953125001	0.0
ATCTAGGCGTACGCCTAGAT	3	0.0	0.0	0.0	0.0	0.0	0.0	0.0	0.0	0.0	0.0	0.0	0.0	0.0	0.0	0.0	0.0	0.0	0.0	0.0	0.0
GTTAAGGGGCGCCCCTTAAC	3	0.0	0.0	0.0	0.0	0.0	0.0	0.0	0.0	0.0	0.0	0.3333333222222226	0.0	0.6666666444444452	0.0	0.0	0.0	0.0	0.0	0.0	0.0
TCGCAGGCTTAAGCCTGCGA	0	0.0	0.0	0.0	0.0	0.0	0.0	0.0	0.0	0.0	0.0	0.0	0.0	0.0	0.0	0.0	0.0	0.0	0.0	0.0	0.0
TACGAGGCTTAAGCCTCGTA	87	0.0	0.0	0.0	0.0	0.0	0.0	0.0	0.0	0.0	0.0	0.0	0.0	0.0	0.0	0.0	0.0	0.0	0.0	0.0	0.0
GTGTAGGACGCGTCCTACAC	1	0.0	0.0	0.0	0.0	0.0	0.0	0.0	0.0	0.0	0.0	0.0	0.0	0.0	0.0	0.0	0.0	0.0	0.0	0.0	0.0
TGATAGGTGCGCACCTATCA	22	0.04545454524793388	0.04545454524793388	0.0	0.0	0.09090909049586776	0.0	0.04545454524793388	0.0	0.04545454524793388	0.09090909049586776	0.09090909049586776	0.04545454524793388	0.04545454524793388	0.09090909049586776	0.09090909049586776	0.04545454524793388	0.0	0.0	0.0	0.0
GCATAGGGGCGCCCCTATGC	0	0.0	0.0	0.0	0.0	0.0	0.0	0.0	0.0	0.0	0.0	0.0	0.0	0.0	0.0	0.0	0.0	0.0	0.0	0.0	0.0
CGAAAGGGCCGGCCCTTTCG	0	0.0	0.0	0.0	0.0	0.0	0.0	0.0	0.0	0.0	0.0	0.0	0.0	0.0	0.0	0.0	0.0	0.0	0.0	0.0	0.0
TGTTAGGGCTAGCCCTAACA	4	0.0	0.0	0.0	0.0	0.0	0.0	0.0	0.9999999750000006	0.0	0.0	0.0	0.0	0.9999999750000006	0.0	0.0	0.0	0.0	0.0	0.0	0.0
CATAAGGTCCGGACCTTATG	136	0.029411764684256058	0.022058823513192043	0.0	0.0073529411710640145	0.0	0.0073529411710640145	0.0073529411710640145	0.0073529411710640145	0.022058823513192043	0.014705882342128029	0.044117647026384085	0.0	0.0	0.0	0.0073529411710640145	0.0	0.0	0.0	0.044117647026384085	0.06617647053957612
TGCGAGGGTTAACCCTCGCA	0	0.0	0.0	0.0	0.0	0.0	0.0	0.0	0.0	0.0	0.0	0.0	0.0	0.0	0.0	0.0	0.0	0.0	0.0	0.0	0.0
ATTGAGGGTCGACCCTCAAT	75	0.05333333326222223	0.05333333326222223	0.0	0.0	0.0	0.0	0.0	0.0	0.0	0.013333333315555557	0.026666666631111113	0.0	0.013333333315555557	0.026666666631111113	0.013333333315555557	0.0	0.026666666631111113	0.0	0.0	0.013333333315555557
CGTTAGGCAGCTGCCTAACG	3	0.0	0.0	0.0	0.0	0.0	0.0	0.0	0.3333333222222226	0.0	0.0	0.0	0.0	0.3333333222222226	0.0	0.0	0.0	0.0	0.0	0.0	0.0
GCGGAGGACTAGTCCTCCGC	4	0.0	0.0	0.0	0.0	0.0	0.0	0.0	0.0	0.0	0.0	0.0	0.0	0.0	0.0	0.0	0.0	0.0	0.0	0.0	0.0
CGTGAGGTCGCGACCTCACG	1	0.0	0.0	0.0	0.0	0.0	0.9999999000000099	0.0	0.0	0.0	0.0	0.0	0.0	0.0	0.0	0.0	0.0	0.0	0.0	0.0	0.0
ATTGAGGGGCGCCCCTCAAT	0	0.0	0.0	0.0	0.0	0.0	0.0	0.0	0.0	0.0	0.0	0.0	0.0	0.0	0.0	0.0	0.0	0.0	0.0	0.0	0.0
GTCAAGGAGCGCTCCTTGAC	1	0.0	0.0	0.0	0.0	0.0	0.0	0.0	0.0	0.0	0.0	0.9999999000000099	0.0	0.0	0.0	0.0	0.0	0.0	0.0	0.0	0.0
ACCGAGGTTCGAACCTCGGT	12	0.0	0.0	0.0833333326388889	0.0	0.0	0.0	0.0	0.0833333326388889	0.0833333326388889	0.0	0.4166666631944445	0.0	0.0	0.0	0.0	0.0	0.0833333326388889	0.0	0.0	0.0
CTTAAGGGGATCCCCTTAAG	1	0.0	0.0	0.0	0.0	0.0	0.0	0.0	0.0	0.0	0.9999999000000099	0.9999999000000099	0.0	0.0	0.0	0.0	0.0	0.0	0.0	0.0	0.0
TTCGAGGTGCGCACCTCGAA	3	0.0	0.0	0.0	0.0	0.0	0.0	0.0	0.0	0.3333333222222226	0.0	0.3333333222222226	0.0	0.0	0.0	0.3333333222222226	0.0	0.0	0.0	0.0	0.0
ACAAAGGACCGGTCCTTTGT	47	0.0	0.04255319139882299	0.0	0.0	0.021276595699411496	0.0	0.04255319139882299	0.0	0.021276595699411496	0.04255319139882299	0.06382978709823449	0.021276595699411496	0.0	0.021276595699411496	0.06382978709823449	0.0	0.0	0.0	0.021276595699411496	0.04255319139882299
GGCGAGGATTAATCCTCGCC	41	0.0	0.0	0.0	0.0	0.0	0.0	0.0	0.0	0.024390243842950625	0.0	0.0	0.0	0.0	0.0	0.024390243842950625	0.0	0.0	0.0	0.0	0.0
CGAGAGGGTGCACCCTCTCG	4	0.0	0.0	0.0	0.0	0.0	0.0	0.0	0.0	0.0	0.24999999375000015	0.24999999375000015	0.0	0.0	0.0	0.0	0.0	0.0	0.0	0.0	0.0
TTCTAGGTCCGGACCTAGAA	64	0.031249999951171878	0.0	0.031249999951171878	0.0	0.015624999975585939	0.015624999975585939	0.031249999951171878	0.0	0.0	0.04687499992675782	0.015624999975585939	0.015624999975585939	0.0	0.0	0.031249999951171878	0.0	0.0	0.062499999902343756	0.04687499992675782	0.015624999975585939
CCAGAGGATCGATCCTCTGG	1	0.0	0.0	0.0	0.0	0.0	0.0	0.0	0.0	0.0	0.0	0.0	0.0	0.0	0.0	0.0	0.0	0.9999999000000099	0.0	0.0	0.0
AGCTAGGCGTACGCCTAGCT	7	0.0	0.0	0.0	0.0	0.0	0.0	0.0	0.0	0.0	0.0	0.0	0.0	0.0	0.0	0.0	0.0	0.0	0.0	0.0	0.0
CGCAAGGGTATACCCTTGCG	30	0.03333333322222222	0.03333333322222222	0.0	0.0	0.03333333322222222	0.0	0.0	0.0	0.0	0.0	0.0	0.0	0.0	0.0	0.0	0.0	0.0	0.0	0.0	0.0
TCCGAGGATCGATCCTCGGA	11	0.0	0.5454545404958678	0.0	0.36363636033057856	0.0	0.0	0.09090909008264464	0.0	0.0	0.0	0.18181818016528928	0.0	0.0	0.0	0.0	0.0	0.09090909008264464	0.0	0.18181818016528928	0.0
GGTACAGGTATACCTGTACC	4	0.0	0.0	0.0	0.0	0.4999999875000003	0.0	0.24999999375000015	0.24999999375000015	0.0	0.0	0.0	0.0	0.0	0.0	0.0	0.0	0.0	0.0	0.0	0.0
TACGCAGGGCGCCCTGCGTA	0	0.0	0.0	0.0	0.0	0.0	0.0	0.0	0.0	0.0	0.0	0.0	0.0	0.0	0.0	0.0	0.0	0.0	0.0	0.0	0.0
TCGAAAGGTATACCTTTCGA	3	0.0	0.0	0.0	0.0	0.0	0.0	0.0	0.0	0.0	0.0	0.0	0.0	0.0	0.0	0.0	0.0	0.0	0.3333333222222226	0.0	0.0
CGCTAAGGCCGGCCTTAGCG	0	0.0	0.0	0.0	0.0	0.0	0.0	0.0	0.0	0.0	0.0	0.0	0.0	0.0	0.0	0.0	0.0	0.0	0.0	0.0	0.0
