guide	sequence_count	percent_correct_target	percent_other_target	number_of_other_targets
TAACAGGCGATCGCCTGTTA	171	0.0	60.8187134502924	71
ATAGAGGATCGATCCTCTAT	3858	29.88595127008813	69.80300673924313	256
TGTTAGGCCTAGGCCTAACA	669	18.236173393124066	64.27503736920777	142
TTAAAGGCGCGCGCCTTTAA	261	0.0	57.8544061302682	87
GACAAGGATTAATCCTTGTC	6349	37.15545755237045	73.53914002205072	274
TAACAGGCGTACGCCTGTTA	152	17.763157894736842	66.44736842105263	55
TCGTAGGGTATACCCTACGA	2245	33.80846325167038	70.55679287305122	189
TGCGAGGATCGATCCTCGCA	377	0.0	56.49867374005305	112
ACCTAGGGTGCACCCTAGGT	473	2.959830866807611	54.96828752642706	113
CGAGAGGTCGCGACCTCTCG	136	0.0	63.23529411764706	58
GATCAGGTCCGGACCTGATC	491	0.20366598778004075	53.564154786150716	128
CCGTAGGCTTAAGCCTACGG	29	0.0	58.62068965517241	15
CAAGAGGACCGGTCCTCTTG	474	0.4219409282700422	55.063291139240505	126
GGTAAGGCACGTGCCTTACC	177	0.0	59.32203389830509	71
GCTCAGGCGTACGCCTGAGC	2	0.0	100.0	2
TCTTAGGACCGGTCCTAAGA	754	9.283819628647215	55.03978779840849	153
AATGAGGAGCGCTCCTCATT	472	0.847457627118644	54.8728813559322	129
AATAAGGGTCGACCCTTATT	2706	31.818181818181817	72.1729490022173	219
GACGAGGTACGTACCTCGTC	654	0.3058103975535168	57.49235474006116	157
GTTGAGGAGCGCTCCTCAAC	300	0.0	56.0	96
GCGTAGGGTCGACCCTACGC	146	0.0	52.054794520547944	57
GCATAGGAGCGCTCCTATGC	220	0.0	55.45454545454545	74
AAACAGGGGCGCCCCTGTTT	277	0.36101083032490977	59.56678700361011	92
ATTAAGGCGATCGCCTTAAT	950	21.263157894736842	64.84210526315789	145
CCCTAGGTAGCTACCTAGGG	216	0.0	59.25925925925926	75
TTACAGGGCGCGCCCTGTAA	199	0.0	56.78391959798995	72
CTATAGGACCGGTCCTATAG	674	9.643916913946587	56.676557863501486	131
TCTAAGGTACGTACCTTAGA	391	0.7672634271099744	54.73145780051151	109
GGGTAGGTTCGAACCTACCC	283	0.7067137809187279	46.28975265017668	85
GATTAGGCGATCGCCTAATC	127	0.7874015748031497	62.20472440944882	58
GACGAGGTGCGCACCTCGTC	315	0.0	55.55555555555556	104
ATACAGGCGTACGCCTGTAT	206	16.50485436893204	62.13592233009709	62
TAGTAGGGAATTCCCTACTA	3619	32.96490743299254	73.2246476927328	248
GTGTAGGAGTACTCCTACAC	273	0.3663003663003663	63.00366300366301	90
TCGAAGGTACGTACCTTCGA	703	3.5561877667140824	47.652916073968704	132
ACGAAGGTATATACCTTCGT	410	0.7317073170731707	50.48780487804878	108
ACGCAGGGATATCCCTGCGT	145	0.0	62.06896551724138	55
GCTTAGGTTGCAACCTAAGC	322	0.6211180124223602	53.1055900621118	93
CACGAGGTGGCCACCTCGTG	88	0.0	42.04545454545455	31
CGTAAGGATCGATCCTTACG	581	5.679862306368331	54.21686746987952	132
AACCAGGTACGTACCTGGTT	1127	11.091393078970718	55.190771960958294	172
CCGGAGGGTATACCCTCCGG	502	14.342629482071713	62.54980079681275	128
GTATAGGTGCGCACCTATAC	206	0.0	58.25242718446602	82
GTCCAGGCGATCGCCTGGAC	36	0.0	55.55555555555556	19
GCCGAGGAGTACTCCTCGGC	160	0.625	55.0	56
CGTAAGGCCGCGGCCTTACG	49	0.0	75.51020408163265	30
CTTTAGGCGTACGCCTAAAG	259	13.127413127413128	61.38996138996139	71
CAGTAGGTTTAAACCTACTG	234	0.42735042735042733	48.717948717948715	70
AGTTAGGTCGCGACCTAACT	235	0.0	60.0	79
CATAAGGGCGCGCCCTTATG	224	0.8928571428571429	59.82142857142857	82
CGGAAGGTCGCGACCTTCCG	135	0.0	72.5925925925926	60
GAACAGGGCGCGCCCTGTTC	100	0.0	60.0	44
AGGTAGGTTCGAACCTACCT	870	11.60919540229885	58.96551724137931	152
GTTAAGGAACGTTCCTTAAC	1348	23.44213649851632	64.91097922848665	184
CTAAAGGGTCGACCCTTTAG	815	12.392638036809815	61.84049079754601	140
TAGTAGGCTCGAGCCTACTA	420	2.857142857142857	58.57142857142857	113
TCTAAGGGACGTCCCTTAGA	1841	25.09505703422053	65.2362846279196	190
TACAAGGGCCGGCCCTTGTA	383	0.0	60.31331592689295	106
TGCTAGGTCGCGACCTAGCA	436	0.0	53.669724770642205	111
ACAAAGGTTCGAACCTTTGT	1894	21.858500527983104	64.73072861668426	201
CCGAAGGCACGTGCCTTCGG	58	0.0	68.96551724137932	32
CTCGAGGGTGCACCCTCGAG	138	0.0	53.6231884057971	54
CGAAAGGCGGCCGCCTTTCG	71	0.0	53.521126760563384	33
TCCGAGGCATATGCCTCGGA	146	17.80821917808219	71.23287671232876	52
ATAAAGGGCGCGCCCTTTAT	222	0.0	64.86486486486487	98
GCGTAGGATATATCCTACGC	1248	29.08653846153846	68.6698717948718	162
TAAGAGGGACGTCCCTCTTA	1025	12.78048780487805	59.31707317073171	160
TTGGAGGTTCGAACCTCCAA	489	4.4989775051124745	55.623721881390594	113
TATTAGGCCCGGGCCTAATA	335	3.283582089552239	65.3731343283582	105
CGTCAGGACATGTCCTGACG	296	3.7162162162162162	51.351351351351354	88
AACTAGGAACGTTCCTAGTT	1940	28.09278350515464	65.56701030927834	190
CGCTAGGTGCGCACCTAGCG	137	0.0	48.90510948905109	48
CTCTAGGGTCGACCCTAGAG	247	0.0	55.87044534412956	88
TACGAGGTAGCTACCTCGTA	783	9.578544061302683	56.194125159642404	157
GTCTAGGTTGCAACCTAGAC	451	2.4390243902439024	50.110864745011085	107
TTGTAGGGTATACCCTACAA	291	2.4054982817869415	58.07560137457045	90
ATGGAGGACGCGTCCTCCAT	287	0.34843205574912894	57.8397212543554	111
GTATAGGTGATCACCTATAC	2743	32.774334670069265	70.76193948231862	219
TTATAGGCGCGCGCCTATAA	209	0.4784688995215311	63.1578947368421	81
CCGGAGGACATGTCCTCCGG	98	0.0	68.36734693877551	47
CGTTAGGAAGCTTCCTAACG	390	1.2820512820512822	61.02564102564103	115
GATAAGGTCTAGACCTTATC	4910	40.59063136456212	75.51934826883911	261
TAGGAGGTTCGAACCTCCTA	1110	15.315315315315315	64.77477477477477	177
ACCTAGGCGTACGCCTAGGT	252	21.428571428571427	66.26984126984127	79
TGTTAGGACGCGTCCTAACA	560	2.142857142857143	52.67857142857143	130
AACGAGGTACGTACCTCGTT	740	2.972972972972973	51.62162162162162	154
ACGAAGGACATGTCCTTCGT	811	13.810110974106042	55.363748458692974	138
AACGAGGGCCGGCCCTCGTT	231	0.0	60.60606060606061	80
TCGAAGGGTATACCCTTCGA	249	0.0	56.626506024096386	95
ATCGAGGTCGCGACCTCGAT	298	0.0	54.69798657718121	94
TCTAAGGACCGGTCCTTAGA	1004	10.159362549800797	53.48605577689243	150
TCCAAGGCGTACGCCTTGGA	88	25.0	61.36363636363637	24
GCTAAGGGTATACCCTTAGC	214	0.0	51.86915887850467	69
GAACAGGTACGTACCTGTTC	308	0.3246753246753247	54.54545454545455	92
CGTAAGGGCGCGCCCTTACG	222	0.0	59.909909909909906	79
CGCTAGGCATATGCCTAGCG	65	13.846153846153847	63.07692307692308	28
AACTAGGGCCGGCCCTAGTT	316	0.31645569620253167	61.075949367088604	107
CCAAAGGCGCGCGCCTTTGG	92	0.0	67.3913043478261	48
GTCAAGGGGCGCCCCTTGAC	233	0.0	62.23175965665236	86
GAATAGGCTCGAGCCTATTC	431	4.872389791183295	54.06032482598608	104
TCATAGGTTCGAACCTATGA	3892	33.58170606372045	69.55292908530319	243
CGCTAGGATGCATCCTAGCG	194	0.0	61.34020618556701	78
AAGTAGGGGCGCCCCTACTT	230	0.0	61.73913043478261	81
CCGTAGGCAGCTGCCTACGG	46	0.0	52.17391304347826	19
CCGGAGGATCGATCCTCCGG	190	0.0	52.63157894736842	67
AACGAGGCTTAAGCCTCGTT	307	11.074918566775244	60.26058631921824	83
TCGCAGGGACGTCCCTGCGA	215	0.0	58.13953488372093	81
GTCTAGGTCCGGACCTAGAC	278	0.0	49.64028776978417	75
TGGTAGGCGCGCGCCTACCA	144	0.0	54.861111111111114	57
TGTAAGGTCGCGACCTTACA	285	0.0	62.45614035087719	97
GTCGAGGACGCGTCCTCGAC	80	0.0	57.5	39
TGCGAGGAGATCTCCTCGCA	450	0.4444444444444444	53.333333333333336	117
CAATAGGCGGCCGCCTATTG	125	0.0	64.0	58
AACTAGGACGCGTCCTAGTT	517	1.9342359767891684	54.73887814313346	128
TTCGAGGCGGCCGCCTCGAA	56	0.0	60.714285714285715	25
CACGAGGTACGTACCTCGTG	323	0.30959752321981426	49.845201238390096	91
TCGTAGGCCTAGGCCTACGA	159	10.69182389937107	55.34591194968554	45
AACGAGGTATATACCTCGTT	2632	33.51063829787234	70.6306990881459	215
GCGTAGGTAGCTACCTACGC	296	0.33783783783783783	56.75675675675676	94
TCTAAGGCGATCGCCTTAGA	522	6.704980842911877	54.02298850574713	120
TTGCAGGCGATCGCCTGCAA	26	0.0	57.69230769230769	14
ACGTAGGGTTAACCCTACGT	1459	26.319396847155588	63.879369431117205	178
AGCTAGGTGCGCACCTAGCT	218	0.0	56.88073394495413	83
ACGGAGGATGCATCCTCCGT	434	2.304147465437788	47.92626728110599	98
TAGAAGGGGCGCCCCTTCTA	310	0.0	52.903225806451616	95
CACTAGGCGTACGCCTAGTG	89	11.235955056179776	60.674157303370784	35
GATTAGGCCGCGGCCTAATC	169	0.0	46.15384615384615	52
ATCGAGGATGCATCCTCGAT	882	3.401360544217687	52.26757369614513	161
CGCTAGGCGATCGCCTAGCG	46	0.0	60.869565217391305	24
CGATAGGCTCGAGCCTATCG	262	0.7633587786259542	62.595419847328245	97
GGTAAGGGCGCGCCCTTACC	83	0.0	51.80722891566265	33
GAGTAGGAGCGCTCCTACTC	327	0.0	56.57492354740061	94
TAATAGGGGTACCCCTATTA	212	1.8867924528301887	48.58490566037736	72
AACGAGGGAGCTCCCTCGTT	268	0.0	66.04477611940298	98
CCATAGGTGTACACCTATGG	1136	25.968309859154928	62.67605633802817	160
ACGGAGGGGTACCCCTCCGT	267	2.247191011235955	64.04494382022472	94
GCGTAGGACGCGTCCTACGC	89	0.0	64.04494382022472	40
GGTTAGGACGCGTCCTAACC	249	0.0	54.618473895582326	78
TATCAGGGGGCCCCCTGATA	179	0.0	67.0391061452514	78
GCCGAGGATTAATCCTCGGC	164	11.585365853658537	58.53658536585366	54
CTTAAGGGGTACCCCTTAAG	3192	32.08020050125313	70.23809523809524	239
CGTTAGGCGATCGCCTAACG	72	0.0	68.05555555555556	44
CTATAGGTGTACACCTATAG	4722	35.74756459127488	70.69038542990258	253
ATGTAGGGACGTCCCTACAT	821	8.28258221680877	53.47137637028015	147
AACGAGGCACGTGCCTCGTT	239	0.0	59.41422594142259	87
AGCGAGGGTCGACCCTCGCT	156	0.0	70.51282051282051	79
GACGAGGTCTAGACCTCGTC	175	0.0	58.857142857142854	66
TAGCAGGCGCGCGCCTGCTA	62	0.0	70.96774193548387	33
CACGAGGCTTAAGCCTCGTG	21	0.0	76.19047619047619	13
ATACAGGCGGCCGCCTGTAT	196	0.0	56.63265306122449	71
ACGGAGGTGATCACCTCCGT	474	1.4767932489451476	53.586497890295355	128
ACTAAGGTGTACACCTTAGT	377	1.3262599469496021	51.9893899204244	101
TTGGAGGCGCGCGCCTCCAA	118	0.0	74.57627118644068	64
GGATAGGAGTACTCCTATCC	1033	18.39303000968054	61.568247821878025	159
CTGTAGGGACGTCCCTACAG	325	0.3076923076923077	53.23076923076923	102
CGATAGGTTATAACCTATCG	5258	38.09433244579688	73.48801825789273	250
ATGTAGGGTATACCCTACAT	380	1.3157894736842106	51.05263157894737	118
TGTCAGGTACGTACCTGACA	983	7.731434384537131	50.8646998982706	156
GGCGAGGTATATACCTCGCC	40	0.0	60.0	20
TCGCAGGATTAATCCTGCGA	423	20.094562647754138	58.156028368794324	92
CCTTAGGTCGCGACCTAAGG	216	0.0	58.7962962962963	79
TGATAGGGACGTCCCTATCA	1255	16.573705179282868	62.23107569721115	189
TCTAAGGGGTACCCCTTAGA	3167	33.69119040101042	72.46605620461004	224
CGAAAGGCTATAGCCTTTCG	425	20.705882352941178	61.88235294117647	91
TCGAAGGACATGTCCTTCGA	1128	18.617021276595743	60.283687943262414	168
ACCGAGGATTAATCCTCGGT	297	0.0	54.54545454545455	98
TCGGAGGAACGTTCCTCCGA	504	0.0	57.34126984126984	134
TACTAGGACGCGTCCTAGTA	311	0.0	65.27331189710611	110
TTGAAGGCGGCCGCCTTCAA	181	0.0	54.69613259668508	68
GTCTAGGCTATAGCCTAGAC	121	0.0	50.413223140495866	44
CTATAGGACGCGTCCTATAG	244	0.0	57.78688524590164	81
TCCGAGGTACGTACCTCGGA	413	0.9685230024213075	49.39467312348668	103
TTAGAGGGACGTCCCTCTAA	1225	17.79591836734694	61.55102040816327	182
CCATAGGTTCGAACCTATGG	474	5.274261603375527	51.89873417721519	109
GATGAGGCGGCCGCCTCATC	106	0.0	61.320754716981135	43
CTAAAGGGTTAACCCTTTAG	6662	38.036625637946564	72.71089762833984	281
CGTGAGGCGATCGCCTCACG	43	0.0	55.81395348837209	21
GTAAAGGCCCGGGCCTTTAC	194	0.0	62.88659793814433	76
TTCGAGGCCCGGGCCTCGAA	96	0.0	51.041666666666664	38
CATTAGGCTCGAGCCTAATG	404	1.7326732673267327	51.48514851485149	104
TGGAAGGCGTACGCCTTCCA	42	9.523809523809524	78.57142857142857	28
CCCAAGGTCGCGACCTTGGG	119	0.0	73.10924369747899	61
GGCGAGGTGTACACCTCGCC	10	0.0	100.0	7
AACGAGGGTATACCCTCGTT	226	0.0	58.4070796460177	79
GTCTAGGTCGCGACCTAGAC	264	0.3787878787878788	55.68181818181818	88
CCTAAGGTGCGCACCTTAGG	244	0.819672131147541	57.377049180327866	85
AATGAGGATCGATCCTCATT	2446	25.63368765331153	67.13000817661488	214
CGGAAGGACTAGTCCTTCCG	380	6.052631578947368	57.89473684210526	102
ACGTAGGCGCGCGCCTACGT	111	0.0	54.95495495495496	51
AGTAAGGCCCGGGCCTTACT	188	0.0	56.38297872340426	71
TTTAAGGCGATCGCCTTAAA	549	12.2040072859745	59.380692167577415	122
AGTAAGGTCCGGACCTTACT	712	7.584269662921348	52.80898876404494	141
ATGTAGGACGCGTCCTACAT	510	2.156862745098039	48.23529411764706	118
GTTGAGGACGCGTCCTCAAC	189	0.0	63.492063492063494	74
GATAAGGAGCGCTCCTTATC	721	3.606102635228849	51.31761442441054	145
TTATAGGGGTACCCCTATAA	3764	31.137088204038257	70.93517534537726	242
CTCGAGGATATATCCTCGAG	1827	28.516694033935412	67.21401204159825	190
GGCGAGGCTATAGCCTCGCC	2	0.0	0.0	0
CTCGAGGAGTACTCCTCGAG	205	0.0	56.58536585365854	81
AAACAGGTACGTACCTGTTT	1794	26.700111482720178	67.3913043478261	217
CCGTAGGTGGCCACCTACGG	80	0.0	40.0	27
CTGAAGGCGATCGCCTTCAG	113	0.0	54.86725663716814	47
CTTAAGGTGCGCACCTTAAG	278	0.0	57.194244604316545	95
GCCGAGGTAGCTACCTCGGC	110	0.0	59.09090909090909	50
CACGAGGGGATCCCCTCGTG	215	0.0	55.81395348837209	83
CGGTAGGTCGCGACCTACCG	238	0.0	62.18487394957983	88
TGTTAGGTCTAGACCTAACA	4002	39.48025987006497	73.51324337831085	246
AACTAGGTCGCGACCTAGTT	523	1.147227533460803	48.18355640535373	129
GTCTAGGTTTAAACCTAGAC	3707	38.063123819800374	72.91610466684651	245
TCGTAGGGTTAACCCTACGA	1941	30.757341576506956	68.67594023699124	196
GATTAGGCGGCCGCCTAATC	150	0.0	66.66666666666667	64
GAATAGGTACGTACCTATTC	1826	26.944140197152244	68.40087623220154	207
CCCAAGGTTCGAACCTTGGG	363	1.1019283746556474	56.19834710743802	121
CGTAAGGCACGTGCCTTACG	208	0.0	48.55769230769231	67
ACGAAGGATGCATCCTTCGT	641	3.5881435257410295	53.97815912636506	138
TCGAAGGGAATTCCCTTCGA	677	10.19202363367799	57.31166912850812	135
TGCGAGGCGATCGCCTCGCA	12	0.0	58.333333333333336	7
ACGAAGGAGCGCTCCTTCGT	269	0.0	62.0817843866171	97
CGTCAGGTCGCGACCTGACG	119	0.0	56.30252100840336	49
GATGAGGTCCGGACCTCATC	379	0.0	55.145118733509236	113
AAATAGGACGCGTCCTATTT	1249	20.416333066453163	64.85188150520416	179
TAGTAGGTTCGAACCTACTA	2091	29.79435676709708	70.49258727881397	200
CGTTAGGACATGTCCTAACG	255	0.0	62.745098039215684	85
CGAAAGGTCGCGACCTTTCG	190	0.0	62.63157894736842	65
GTTTAGGCGATCGCCTAAAC	278	0.0	49.64028776978417	82
CGTGAGGCATATGCCTCACG	85	9.411764705882353	64.70588235294117	40
TAATAGGTCGCGACCTATTA	924	16.774891774891774	61.03896103896104	156
TCCGAGGGTCGACCCTCGGA	237	0.0	61.60337552742616	91
GTACAGGTTCGAACCTGTAC	630	2.857142857142857	51.111111111111114	143
GTTGAGGATCGATCCTCAAC	773	6.468305304010349	53.6869340232859	143
GGTCAGGATATATCCTGACC	3386	36.59184878913172	72.59303012404017	241
ACGGAGGGTCGACCCTCCGT	272	0.0	63.60294117647059	95
TTGTAGGGCGCGCCCTACAA	205	0.0	57.073170731707314	75
CTCGAGGTTATAACCTCGAG	1416	32.344632768361585	69.63276836158192	174
CTCTAGGTACGTACCTAGAG	1344	20.163690476190474	60.86309523809524	185
GATCAGGCGCGCGCCTGATC	127	0.0	68.50393700787401	56
ACTTAGGGTATACCCTAAGT	6589	41.82728790408256	76.2027621793899	271
CGTAAGGAAATTTCCTTACG	1886	28.8441145281018	69.72428419936374	196
CGAGAGGTTATAACCTCTCG	237	0.0	57.38396624472574	85
ATATAGGCTCGAGCCTATAT	1194	23.86934673366834	67.92294807370185	177
GGTTAGGGACGTCCCTAACC	245	0.0	60.816326530612244	92
CGTCAGGATGCATCCTGACG	265	0.37735849056603776	54.716981132075475	92
TTTAAGGCTCGAGCCTTAAA	828	20.169082125603865	62.56038647342995	143
ACTTAGGACGCGTCCTAAGT	480	2.5	53.541666666666664	126
CCGAAGGTTTAAACCTTCGG	922	22.342733188720175	64.42516268980478	143
TAGAAGGGCGCGCCCTTCTA	212	0.0	69.33962264150944	83
GCTTAGGCACGTGCCTAAGC	177	0.0	58.75706214689266	60
ACTGAGGACGCGTCCTCAGT	240	0.0	62.5	90
TCTAAGGCGCGCGCCTTAGA	200	0.0	58.0	73
CAGTAGGTACGTACCTACTG	568	4.929577464788732	49.82394366197183	116
CGCGAGGACATGTCCTCGCG	18	0.0	61.111111111111114	8
TTCTAGGCCGCGGCCTAGAA	346	0.0	62.138728323699425	106
ATACAGGGTTAACCCTGTAT	2942	33.88851121685928	71.61794697484704	229
TGCAAGGGTCGACCCTTGCA	348	0.28735632183908044	59.48275862068966	111
GGTTAGGCTTAAGCCTAACC	319	21.316614420062695	61.755485893416925	83
AAGAAGGTCGCGACCTTCTT	419	0.477326968973747	51.31264916467781	103
CGAAAGGGTCGACCCTTTCG	310	0.967741935483871	53.225806451612904	93
GCTTAGGACTAGTCCTAAGC	701	12.981455064194009	56.918687589158345	132
CGGTAGGAGTACTCCTACCG	409	2.6894865525672373	53.0562347188264	108
GCGAAGGAGTACTCCTTCGC	219	1.82648401826484	56.16438356164384	73
ACGGAGGTGGCCACCTCCGT	126	0.0	38.888888888888886	38
GTCAAGGCGGCCGCCTTGAC	49	0.0	57.142857142857146	24
TGAGAGGCGCGCGCCTCTCA	172	0.0	62.2093023255814	63
ATTTAGGGGTACCCCTAAAT	7088	38.783860045146724	75.31038374717834	268
CTCGAGGCGTACGCCTCGAG	9	0.0	55.55555555555556	4
ACCGAGGGCTAGCCCTCGGT	93	1.075268817204301	50.53763440860215	40
GGGTAGGTAATTACCTACCC	695	19.280575539568346	63.45323741007194	140
GGTAAGGCGATCGCCTTACC	116	0.0	72.41379310344827	54
CGTTAGGACCGGTCCTAACG	391	0.2557544757033248	57.289002557544755	112
TAGTAGGGGCGCCCCTACTA	176	0.0	60.22727272727273	80
AGTTAGGCGCGCGCCTAACT	221	0.0	61.53846153846154	79
ACTAAGGCGCGCGCCTTAGT	186	0.0	56.98924731182796	70
TTCTAGGGTCGACCCTAGAA	904	11.61504424778761	56.52654867256637	141
ATATAGGGTTAACCCTATAT	458	12.445414847161572	59.1703056768559	112
CCGGAGGGAATTCCCTCCGG	231	0.0	51.082251082251084	77
CGTTAGGAACGTTCCTAACG	411	1.2165450121654502	49.63503649635037	100
TATAAGGCCGCGGCCTTATA	215	0.46511627906976744	59.06976744186046	71
GGTAAGGAACGTTCCTTACC	371	0.2695417789757412	53.908355795148246	105
ATCTAGGCGTACGCCTAGAT	126	0.0	55.55555555555556	44
GTTAAGGGGCGCCCCTTAAC	201	0.0	63.681592039801	79
TCGCAGGCTTAAGCCTGCGA	3	0.0	33.333333333333336	1
TACGAGGCTTAAGCCTCGTA	348	24.42528735632184	66.0919540229885	86
GTGTAGGACGCGTCCTACAC	259	0.0	57.915057915057915	81
TGATAGGTGCGCACCTATCA	621	1.1272141706924315	47.66505636070853	134
GCATAGGGGCGCCCCTATGC	235	0.0	68.93617021276596	87
CGAAAGGGCCGGCCCTTTCG	180	0.0	65.55555555555556	80
TGTTAGGGCTAGCCCTAACA	243	0.0	59.25925925925926	85
CATAAGGTCCGGACCTTATG	833	13.68547418967587	59.42376950780312	158
TGCGAGGGTTAACCCTCGCA	83	0.0	54.21686746987952	42
ATTGAGGGTCGACCCTCAAT	629	4.292527821939586	57.39268680445151	140
CGTTAGGCAGCTGCCTAACG	158	0.0	53.79746835443038	56
GCGGAGGACTAGTCCTCCGC	77	1.2987012987012987	59.74025974025974	35
CGTGAGGTCGCGACCTCACG	134	0.0	69.40298507462687	60
ATTGAGGGGCGCCCCTCAAT	199	0.0	58.79396984924623	79
GTCAAGGAGCGCTCCTTGAC	335	0.0	60.59701492537314	111
ACCGAGGTTCGAACCTCGGT	369	0.27100271002710025	58.80758807588076	109
CTTAAGGGGATCCCCTTAAG	231	0.0	55.41125541125541	78
TTCGAGGTGCGCACCTCGAA	179	0.0	52.513966480446925	63
ACAAAGGACCGGTCCTTTGT	663	3.0165912518853695	54.90196078431372	143
GGCGAGGATTAATCCTCGCC	268	15.298507462686567	60.44776119402985	75
CGAGAGGGTGCACCCTCTCG	220	0.0	51.81818181818182	78
TTCTAGGTCCGGACCTAGAA	671	8.04769001490313	56.48286140089419	142
CCAGAGGATCGATCCTCTGG	286	0.0	57.34265734265734	87
AGCTAGGCGTACGCCTAGCT	43	6.976744186046512	58.13953488372093	18
CGCAAGGGTATACCCTTGCG	224	15.178571428571429	64.28571428571429	72
TCCGAGGATCGATCCTCGGA	440	0.22727272727272727	50.90909090909091	105
GGTACAGGTATACCTGTACC	63	0.0	47.61904761904762	27
TACGCAGGGCGCCCTGCGTA	70	0.0	54.285714285714285	32
TCGAAAGGTATACCTTTCGA	118	2.542372881355932	58.47457627118644	46
CGCTAAGGCCGGCCTTAGCG	56	0.0	71.42857142857143	30
