guide	target_count	1	2	3	4	5	6	7	8	9	10	11	12	13	14	15	16	17	18	19	20
TAACAGGCGATCGCCTGTTA	0	0.0	0.0	0.0	0.0	0.0	0.0	0.0	0.0	0.0	0.0	0.0	0.0	0.0	0.0	0.0	0.0	0.0	0.0	0.0	0.0
ATAGAGGATCGATCCTCTAT	1430	0.0006993006992517971	0.0013986013985035942	0.013286713285784145	0.0	0.016083916082791333	0.0	0.0006993006992517971	0.005594405594014377	0.0013986013985035942	0.0006993006992517971	0.0013986013985035942	0.0	0.0020979020977553915	0.0020979020977553915	0.0006993006992517971	0.007692307691769768	0.0	0.0006993006992517971	0.0006993006992517971	0.0006993006992517971
TGTTAGGCCTAGGCCTAACA	219	0.0	0.0	0.0	0.0	0.0	0.0	0.0	0.09589041091511853	0.0	0.0	0.0	0.0	0.09132420087154146	0.0	0.0	0.0	0.0	0.0	0.0	0.0
TTAAAGGCGCGCGCCTTTAA	0	0.0	0.0	0.0	0.0	0.0	0.0	0.0	0.0	0.0	0.0	0.0	0.0	0.0	0.0	0.0	0.0	0.0	0.0	0.0	0.0
GACAAGGATTAATCCTTGTC	4625	0.0041081081080192846	0.0015135135134807889	0.0006486486486346238	0.0010810810810577063	0.0008648648648461651	0.00043243243242308254	0.0	0.004324324324230825	0.0025945945945384952	0.00043243243242308254	0.0	0.0008648648648461651	0.0006486486486346238	0.0030270270269615778	0.0019459459459038714	0.00021621621621154127	0.0006486486486346238	0.0008648648648461651	0.0030270270269615778	0.0036756756755962016
TAACAGGCGTACGCCTGTTA	98	0.0	0.17346938757809247	0.0	0.0	0.0	0.0	0.0	0.0	0.0	0.0	0.010204081622240733	0.0	0.0	0.0	0.010204081622240733	0.0	0.0	0.0	0.0	0.0
TCGTAGGGTATACCCTACGA	563	0.0017761989339651512	0.0	0.0	0.0	0.07460035522653635	0.0	0.03019538187740757	0.0	0.0017761989339651512	0.005328596801895454	0.005328596801895454	0.0017761989339651512	0.0035523978679303024	0.0	0.0	0.0035523978679303024	0.0	0.0035523978679303024	0.0	0.03552397867930303
TGCGAGGATCGATCCTCGCA	48	0.0	0.0	0.0	0.0	0.0	0.0	0.0	0.0	0.0	0.0	0.9999999979166666	0.0	0.0	0.0	0.0	0.0	0.0	0.0	0.0	0.0
ACCTAGGGTGCACCCTAGGT	77	0.0	0.0	0.0	0.0	0.0	0.16883116861190758	0.0	0.0	0.03896103891044021	0.012987012970146738	0.0	0.0	0.0	0.246753246432788	0.0	0.0	0.0	0.0	0.0	0.012987012970146738
CGAGAGGTCGCGACCTCTCG	0	0.0	0.0	0.0	0.0	0.0	0.0	0.0	0.0	0.0	0.0	0.0	0.0	0.0	0.0	0.0	0.0	0.0	0.0	0.0	0.0
GATCAGGTCCGGACCTGATC	8	0.0	0.0	0.0	0.0	0.0	0.0	0.0	0.0	0.0	0.12499999843750002	0.0	0.0	0.0	0.0	0.0	0.0	0.24999999687500005	0.0	0.0	0.0
CCGTAGGCTTAAGCCTACGG	0	0.0	0.0	0.0	0.0	0.0	0.0	0.0	0.0	0.0	0.0	0.0	0.0	0.0	0.0	0.0	0.0	0.0	0.0	0.0	0.0
CAAGAGGACCGGTCCTCTTG	52	0.0	0.0	0.0	0.15384615355029585	0.0	0.0	0.0	0.0	0.0	0.0	0.0	0.6538461525887573	0.0	0.0	0.1923076919378698	0.0	0.0	0.0	0.0	0.0
GGTAAGGCACGTGCCTTACC	0	0.0	0.0	0.0	0.0	0.0	0.0	0.0	0.0	0.0	0.0	0.0	0.0	0.0	0.0	0.0	0.0	0.0	0.0	0.0	0.0
GCTCAGGCGTACGCCTGAGC	0	0.0	0.0	0.0	0.0	0.0	0.0	0.0	0.0	0.0	0.0	0.0	0.0	0.0	0.0	0.0	0.0	0.0	0.0	0.0	0.0
TCTTAGGACCGGTCCTAAGA	104	0.1634615383043639	0.1634615383043639	0.0	0.17307692291050297	0.009615384606139053	0.0	0.0	0.0	0.0	0.0	0.0	0.0	0.009615384606139053	0.0	0.0	0.0	0.17307692291050297	0.0	0.0	0.0
AATGAGGAGCGCTCCTCATT	4	0.0	0.0	0.0	0.0	0.0	0.0	0.0	0.0	0.24999999375000015	0.4999999875000003	0.0	0.4999999875000003	0.0	0.0	0.0	0.0	0.0	0.0	0.0	0.0
AATAAGGGTCGACCCTTATT	1206	0.019071310114504865	0.0	0.0008291873962828203	0.011608623547959484	0.0	0.0	0.0008291873962828203	0.0	0.0016583747925656405	0.0016583747925656405	0.0	0.0024875621888484608	0.0008291873962828203	0.0016583747925656405	0.005804311773979742	0.0008291873962828203	0.0	0.0	0.008291873962828203	0.0008291873962828203
GACGAGGTACGTACCTCGTC	11	0.8181818107438018	0.0	0.0	0.0	0.0	0.0	0.0	0.0	0.0	0.0	0.0	0.0	0.0	0.0	0.0	0.0	0.0	0.0	0.0	0.9090909008264464
GTTGAGGAGCGCTCCTCAAC	0	0.0	0.0	0.0	0.0	0.0	0.0	0.0	0.0	0.0	0.0	0.0	0.0	0.0	0.0	0.0	0.0	0.0	0.0	0.0	0.0
GCGTAGGGTCGACCCTACGC	0	0.0	0.0	0.0	0.0	0.0	0.0	0.0	0.0	0.0	0.0	0.0	0.0	0.0	0.0	0.0	0.0	0.0	0.0	0.0	0.0
GCATAGGAGCGCTCCTATGC	0	0.0	0.0	0.0	0.0	0.0	0.0	0.0	0.0	0.0	0.0	0.0	0.0	0.0	0.0	0.0	0.0	0.0	0.0	0.0	0.0
AAACAGGGGCGCCCCTGTTT	0	0.0	0.0	0.0	0.0	0.0	0.0	0.0	0.0	0.0	0.0	0.0	0.0	0.0	0.0	0.0	0.0	0.0	0.0	0.0	0.0
ATTAAGGCGATCGCCTTAAT	447	0.004474272929647813	0.0	0.0	0.0	0.035794183437182506	0.0	0.0	0.024608501113062974	0.0	0.0022371364648239066	0.0	0.0	0.042505592831654226	0.00671140939447172	0.0022371364648239066	0.0022371364648239066	0.0	0.04697986576130204	0.0	0.08277404919848455
CCCTAGGTAGCTACCTAGGG	0	0.0	0.0	0.0	0.0	0.0	0.0	0.0	0.0	0.0	0.0	0.0	0.0	0.0	0.0	0.0	0.0	0.0	0.0	0.0	0.0
TTACAGGGCGCGCCCTGTAA	3	0.0	0.0	0.0	0.0	0.0	0.0	0.0	0.0	0.0	0.9999999666666678	0.0	0.0	0.0	0.0	0.0	0.0	0.0	0.0	0.0	0.0
CTATAGGACCGGTCCTATAG	97	0.0	0.0	0.08247422671909874	0.0	0.0	0.11340206173876077	0.0	0.0	0.010309278339887342	0.0	0.0	0.0	0.0	0.020618556679774684	0.0	0.0	0.0	0.0	0.0	0.0
TCTAAGGTACGTACCTTAGA	18	0.0	0.0	0.0	0.0	0.0	0.0	0.0	0.0	0.0	0.0	0.0	0.0	0.0	0.9999999944444444	0.0	0.0	0.0	0.0	0.0	0.0
GGGTAGGTTCGAACCTACCC	34	0.0	0.0	0.0	0.0	0.0	0.0	0.0	0.05882352923875432	0.0	0.02941176461937716	0.0	0.0	0.0	0.0	0.0	0.0	0.05882352923875432	0.05882352923875432	0.0	0.0
GATTAGGCGATCGCCTAATC	0	0.0	0.0	0.0	0.0	0.0	0.0	0.0	0.0	0.0	0.0	0.0	0.0	0.0	0.0	0.0	0.0	0.0	0.0	0.0	0.0
GACGAGGTGCGCACCTCGTC	0	0.0	0.0	0.0	0.0	0.0	0.0	0.0	0.0	0.0	0.0	0.0	0.0	0.0	0.0	0.0	0.0	0.0	0.0	0.0	0.0
ATACAGGCGTACGCCTGTAT	114	0.0	0.0	0.0	0.0	0.0	0.0	0.0	0.15789473670360113	0.0	0.0	0.0	0.008771929816866728	0.008771929816866728	0.008771929816866728	0.0	0.0	0.0	0.008771929816866728	0.008771929816866728	0.0
TAGTAGGGAATTCCCTACTA	1102	0.0009074410162515933	0.0054446460975095595	0.0009074410162515933	0.0036297640650063733	0.009074410162515933	0.0	0.0	0.0009074410162515933	0.0	0.0	0.0	0.0	0.0036297640650063733	0.0018148820325031866	0.0	0.0027223230487547797	0.0009074410162515933	0.0009074410162515933	0.0	0.0018148820325031866
GTGTAGGAGTACTCCTACAC	0	0.0	0.0	0.0	0.0	0.0	0.0	0.0	0.0	0.0	0.0	0.0	0.0	0.0	0.0	0.0	0.0	0.0	0.0	0.0	0.0
TCGAAGGTACGTACCTTCGA	41	0.0	0.0	0.0	0.0	0.0	0.024390243842950625	0.0	0.0	0.0	0.0	0.0	0.0	0.0	0.0	0.0	0.0	0.0	0.0	0.46341463301606184	0.46341463301606184
ACGAAGGTATATACCTTCGT	11	0.0	0.0	0.0	0.0	0.0	0.09090909008264464	0.0	0.0	0.0	0.0	0.0	0.0	0.0	0.0	0.0	0.0	0.0	0.09090909008264464	0.0	0.0
ACGCAGGGATATCCCTGCGT	0	0.0	0.0	0.0	0.0	0.0	0.0	0.0	0.0	0.0	0.0	0.0	0.0	0.0	0.0	0.0	0.0	0.0	0.0	0.0	0.0
GCTTAGGTTGCAACCTAAGC	30	0.36666666544444443	0.36666666544444443	0.0	0.0	0.0	0.0	0.0	0.0	0.0	0.4999999983333333	0.0	0.0	0.0	0.0	0.0	0.0	0.0	0.0	0.0	0.0
CACGAGGTGGCCACCTCGTG	0	0.0	0.0	0.0	0.0	0.0	0.0	0.0	0.0	0.0	0.0	0.0	0.0	0.0	0.0	0.0	0.0	0.0	0.0	0.0	0.0
CGTAAGGATCGATCCTTACG	27	0.0	0.0	0.0	0.0	0.0	0.0	0.0	0.0	0.0	0.0	0.0	0.0	0.0	0.0	0.11111111069958847	0.0	0.0	0.0	0.0	0.0
AACCAGGTACGTACCTGGTT	175	0.0	0.0	0.03428571426612245	0.10285714279836736	0.0628571428212245	0.0	0.0	0.0	0.0	0.0	0.0	0.005714285711020409	0.0	0.0	0.0	0.0	0.09142857137632654	0.03428571426612245	0.0	0.0
CCGGAGGGTATACCCTCCGG	169	0.005917159759812332	0.0	0.10059171591680964	0.1479289939953083	0.0	0.0	0.0	0.0	0.005917159759812332	0.0	0.005917159759812332	0.0	0.005917159759812332	0.005917159759812332	0.005917159759812332	0.0	0.0	0.0	0.04142011831868632	0.005917159759812332
GTATAGGTGCGCACCTATAC	1	0.0	0.0	0.0	0.0	0.0	0.0	0.0	0.0	0.0	0.9999999000000099	0.9999999000000099	0.0	0.0	0.0	0.0	0.0	0.0	0.0	0.0	0.0
GTCCAGGCGATCGCCTGGAC	0	0.0	0.0	0.0	0.0	0.0	0.0	0.0	0.0	0.0	0.0	0.0	0.0	0.0	0.0	0.0	0.0	0.0	0.0	0.0	0.0
GCCGAGGAGTACTCCTCGGC	6	0.0	0.0	0.0	0.0	0.0	0.0	0.0	0.0	0.0	0.0	0.0	0.0	0.0	0.0	0.0	0.0	0.0	0.0	0.0	0.0
CGTAAGGCCGCGGCCTTACG	0	0.0	0.0	0.0	0.0	0.0	0.0	0.0	0.0	0.0	0.0	0.0	0.0	0.0	0.0	0.0	0.0	0.0	0.0	0.0	0.0
CTTTAGGCGTACGCCTAAAG	38	0.0	0.0	0.0	0.0	0.026315789404432133	0.0	0.0	0.0	0.0	0.0	0.0	0.0	0.052631578808864266	0.0	0.0	0.0	0.0	0.0	0.026315789404432133	0.0
CAGTAGGTTTAAACCTACTG	26	0.0	0.0	0.0	0.0	0.0	0.0	0.0	0.0	0.0	0.0	0.0	0.0	0.0	0.0	0.0	0.0	0.0	0.0	0.0	0.0
AGTTAGGTCGCGACCTAACT	0	0.0	0.0	0.0	0.0	0.0	0.0	0.0	0.0	0.0	0.0	0.0	0.0	0.0	0.0	0.0	0.0	0.0	0.0	0.0	0.0
CATAAGGGCGCGCCCTTATG	15	0.0	0.0	0.0	0.0	0.0	0.0	0.0	0.0	0.0	0.0	0.0	0.0	0.0	0.0	0.0	0.0	0.0	0.0	0.0	0.0
CGGAAGGTCGCGACCTTCCG	1	0.0	0.0	0.0	0.0	0.0	0.9999999000000099	0.0	0.0	0.0	0.0	0.0	0.0	0.0	0.0	0.0	0.0	0.0	0.0	0.0	0.0
GAACAGGGCGCGCCCTGTTC	0	0.0	0.0	0.0	0.0	0.0	0.0	0.0	0.0	0.0	0.0	0.0	0.0	0.0	0.0	0.0	0.0	0.0	0.0	0.0	0.0
AGGTAGGTTCGAACCTACCT	255	0.0	0.06666666664052288	0.007843137251826221	0.007843137251826221	0.0	0.0	0.003921568625913111	0.011764705877739331	0.0	0.0	0.011764705877739331	0.0	0.0	0.011764705877739331	0.0	0.0	0.003921568625913111	0.0	0.0	0.003921568625913111
GTTAAGGAACGTTCCTTAAC	341	0.05865102637576216	0.02932551318788108	0.0	0.02639296186909297	0.04105571846303351	0.0	0.0	0.0	0.0	0.0	0.0	0.0029325513187881077	0.01173020527515243	0.0029325513187881077	0.0	0.0	0.0	0.0	0.0029325513187881077	0.0029325513187881077
CTAAAGGGTCGACCCTTTAG	213	0.0	0.10328638492803456	0.05164319246401728	0.0	0.0	0.0	0.0	0.0	0.0046948356785470255	0.009389671357094051	0.009389671357094051	0.0	0.0	0.0046948356785470255	0.0046948356785470255	0.0046948356785470255	0.0	0.0	0.0046948356785470255	0.0
TAGTAGGCTCGAGCCTACTA	82	0.0	0.0	0.012195121936347413	0.0	0.0	0.15853658517251637	0.0	0.012195121936347413	0.0	0.0	0.0	0.0	0.012195121936347413	0.06097560968173706	0.0	0.0	0.0	0.0	0.0	0.012195121936347413
TCTAAGGGACGTCCCTTAGA	430	0.002325581394808004	0.004651162789616008	0.0	0.0	0.0	0.0	0.002325581394808004	0.002325581394808004	0.0	0.004651162789616008	0.0	0.0	0.002325581394808004	0.002325581394808004	0.0	0.0	0.0	0.002325581394808004	0.08604651160789616	0.08604651160789616
TACAAGGGCCGGCCCTTGTA	23	0.0	0.0	0.0	0.0	0.0	0.0	0.0	0.0	0.0	0.9565217349716446	0.0	0.0	0.0	0.0	0.0	0.0	0.0	0.0	0.0	0.0
TGCTAGGTCGCGACCTAGCA	8	0.0	0.0	0.0	0.0	0.0	0.0	0.0	0.0	0.0	0.0	0.0	0.0	0.0	0.0	0.9999999875000002	0.0	0.0	0.0	0.0	0.0
ACAAAGGTTCGAACCTTTGT	813	0.0012300122999717082	0.0024600245999434165	0.0	0.0	0.0012300122999717082	0.01968019679954733	0.0024600245999434165	0.004920049199886833	0.0012300122999717082	0.00738007379983025	0.0012300122999717082	0.0	0.0	0.0024600245999434165	0.0	0.0	0.0012300122999717082	0.0	0.0	0.02091020909951904
CCGAAGGCACGTGCCTTCGG	0	0.0	0.0	0.0	0.0	0.0	0.0	0.0	0.0	0.0	0.0	0.0	0.0	0.0	0.0	0.0	0.0	0.0	0.0	0.0	0.0
CTCGAGGGTGCACCCTCGAG	0	0.0	0.0	0.0	0.0	0.0	0.0	0.0	0.0	0.0	0.0	0.0	0.0	0.0	0.0	0.0	0.0	0.0	0.0	0.0	0.0
CGAAAGGCGGCCGCCTTTCG	0	0.0	0.0	0.0	0.0	0.0	0.0	0.0	0.0	0.0	0.0	0.0	0.0	0.0	0.0	0.0	0.0	0.0	0.0	0.0	0.0
TCCGAGGCATATGCCTCGGA	2	0.0	0.0	0.0	0.0	0.0	0.0	0.0	0.0	0.0	0.0	0.0	0.0	0.0	0.0	0.0	0.0	0.0	0.0	0.0	0.0
ATAAAGGGCGCGCCCTTTAT	1	0.0	0.0	0.0	0.0	0.0	0.0	0.0	0.0	0.0	0.0	0.0	0.0	0.0	0.0	0.0	0.0	0.0	0.0	0.0	0.0
GCGTAGGATATATCCTACGC	396	0.030303030295378022	0.03282828281999286	0.002525252524614835	0.0	0.0	0.0	0.0	0.0	0.002525252524614835	0.002525252524614835	0.002525252524614835	0.0	0.0	0.002525252524614835	0.002525252524614835	0.05555555554152637	0.0	0.0	0.002525252524614835	0.002525252524614835
TAAGAGGGACGTCCCTCTTA	127	0.0	0.0	0.007874015741831483	0.0	0.0	0.0	0.0	0.0	0.0	0.0	0.0	0.0	0.0	0.03149606296732593	0.0	0.0	0.0	0.0	0.0	0.015748031483662966
TTGGAGGTTCGAACCTCCAA	90	0.022222222197530866	0.011111111098765433	0.022222222197530866	0.0	0.0	0.0	0.0	0.055555555493827166	0.0	0.0	0.0	0.0	0.0	0.1999999997777778	0.0	0.0	0.011111111098765433	0.011111111098765433	0.022222222197530866	0.0
TATTAGGCCCGGGCCTAATA	42	0.0	0.0	0.0	0.0	0.0	0.0	0.6666666650793651	0.023809523752834467	0.0	0.047619047505668935	0.0	0.0	0.0	0.0	0.0	0.0	0.0	0.0	0.0	0.0
CGTCAGGACATGTCCTGACG	31	0.0	0.0	0.0	0.12903225764828302	0.0	0.0	0.0	0.0	0.0	0.0	0.0	0.0	0.0	0.0	0.0	0.0	0.0	0.0	0.0	0.0
AACTAGGAACGTTCCTAGTT	564	0.005319148935227102	0.0	0.008865248225378503	0.0017730496450757006	0.0	0.0	0.0	0.0	0.0	0.003546099290151401	0.02836879432121121	0.0017730496450757006	0.0	0.0017730496450757006	0.0	0.0	0.0	0.010638297870454203	0.007092198580302802	0.0
CGCTAGGTGCGCACCTAGCG	0	0.0	0.0	0.0	0.0	0.0	0.0	0.0	0.0	0.0	0.0	0.0	0.0	0.0	0.0	0.0	0.0	0.0	0.0	0.0	0.0
CTCTAGGGTCGACCCTAGAG	0	0.0	0.0	0.0	0.0	0.0	0.0	0.0	0.0	0.0	0.0	0.0	0.0	0.0	0.0	0.0	0.0	0.0	0.0	0.0	0.0
TACGAGGTAGCTACCTCGTA	169	0.0	0.10059171591680964	0.0	0.005917159759812332	0.0	0.029585798799061657	0.023668639039249328	0.0	0.005917159759812332	0.005917159759812332	0.005917159759812332	0.0	0.0	0.0	0.0	0.0	0.0	0.005917159759812332	0.10059171591680964	0.10059171591680964
GTCTAGGTTGCAACCTAGAC	58	0.0	0.0	0.0	0.24137930992865636	0.24137930992865636	0.0	0.0	0.0	0.0	0.25862068920927467	0.01724137928061831	0.0	0.0	0.0	0.2931034477705113	0.0	0.0	0.12068965496432818	0.0	0.0
TTGTAGGGTATACCCTACAA	24	0.0	0.0	0.0	0.0	0.0	0.0	0.0	0.0	0.0	0.0	0.0	0.0	0.0	0.0	0.3749999984375	0.0	0.0	0.0	0.0	0.04166666649305555
ATGGAGGACGCGTCCTCCAT	0	0.0	0.0	0.0	0.0	0.0	0.0	0.0	0.0	0.0	0.0	0.0	0.0	0.0	0.0	0.0	0.0	0.0	0.0	0.0	0.0
GTATAGGTGATCACCTATAC	855	0.0011695906431380596	0.007017543858828358	0.049122807011798504	0.0011695906431380596	0.04327485379610821	0.0	0.002339181286276119	0.0011695906431380596	0.014035087717656715	0.0	0.0	0.0011695906431380596	0.0011695906431380596	0.0011695906431380596	0.0	0.03391812865100373	0.0011695906431380596	0.0011695906431380596	0.0	0.012865497074518655
TTATAGGCGCGCGCCTATAA	10	0.0	0.0	0.0	0.9999999900000002	0.0	0.0	0.0	0.0	0.0	0.0	0.0	0.0	0.0	0.0	0.0	0.0	0.9999999900000002	0.0	0.0	0.0
CCGGAGGACATGTCCTCCGG	0	0.0	0.0	0.0	0.0	0.0	0.0	0.0	0.0	0.0	0.0	0.0	0.0	0.0	0.0	0.0	0.0	0.0	0.0	0.0	0.0
CGTTAGGAAGCTTCCTAACG	35	0.0	0.37142857036734694	0.3142857133877551	0.0	0.0	0.0	0.0	0.0	0.0	0.0	0.0	0.0	0.0	0.0	0.0	0.0	0.0	0.0	0.02857142848979592	0.0
GATAAGGTCTAGACCTTATC	2888	0.00034626038779964475	0.0006925207755992895	0.0	0.00034626038779964475	0.011426592797388276	0.0	0.00034626038779964475	0.0031163434901968026	0.0010387811633989343	0.0006925207755992895	0.0	0.00034626038779964475	0.0010387811633989343	0.0017313019389982238	0.0006925207755992895	0.0006925207755992895	0.0010387811633989343	0.00034626038779964475	0.00034626038779964475	0.004155124653595737
TAGGAGGTTCGAACCTCCTA	330	0.0	0.05454545452892562	0.06666666664646465	0.00909090908815427	0.0	0.0	0.006060606058769513	0.006060606058769513	0.0030303030293847566	0.0	0.0	0.0	0.0030303030293847566	0.00909090908815427	0.0	0.0	0.0030303030293847566	0.0030303030293847566	0.03636363635261708	0.024242424235078053
ACCTAGGCGTACGCCTAGGT	74	0.0	0.0	0.0	0.0	0.0	0.0	0.0	0.0	0.0	0.0	0.0	0.0	0.20270270242878013	0.0	0.0	0.0	0.0	0.0	0.0	0.0
TGTTAGGACGCGTCCTAACA	59	0.0	0.0	0.0	0.0	0.0	0.32203389775926455	0.0	0.0	0.05084745754093651	0.0	0.0	0.0	0.0	0.0	0.0	0.0	0.0	0.0	0.6271186430048836	0.6271186430048836
AACGAGGTACGTACCTCGTT	90	0.0	0.0	0.0	0.0333333332962963	0.0	0.16666666648148148	0.0	0.0	0.0	0.011111111098765433	0.011111111098765433	0.0	0.011111111098765433	0.0	0.011111111098765433	0.0	0.0333333332962963	0.0	0.0	0.0
ACGAAGGACATGTCCTTCGT	144	0.0	0.0	0.0	0.006944444439621914	0.006944444439621914	0.0	0.0	0.0	0.006944444439621914	0.006944444439621914	0.0	0.0	0.0	0.0	0.0	0.0	0.0	0.006944444439621914	0.0	0.0
AACGAGGGCCGGCCCTCGTT	0	0.0	0.0	0.0	0.0	0.0	0.0	0.0	0.0	0.0	0.0	0.0	0.0	0.0	0.0	0.0	0.0	0.0	0.0	0.0	0.0
TCGAAGGGTATACCCTTCGA	23	0.0	0.0	0.0	0.0	0.0	0.0	0.0	0.0	0.0434782606805293	0.0	0.0	0.0434782606805293	0.0	0.0	0.0	0.0	0.0	0.0	0.9565217349716446	0.0
ATCGAGGTCGCGACCTCGAT	0	0.0	0.0	0.0	0.0	0.0	0.0	0.0	0.0	0.0	0.0	0.0	0.0	0.0	0.0	0.0	0.0	0.0	0.0	0.0	0.0
TCTAAGGACCGGTCCTTAGA	157	0.0	0.0	0.0	0.012738853495070795	0.012738853495070795	0.0	0.0	0.0	0.0	0.006369426747535397	0.0	0.0	0.006369426747535397	0.006369426747535397	0.0	0.006369426747535397	0.1974522291735973	0.0	0.0	0.14012738844577874
TCCAAGGCGTACGCCTTGGA	31	0.0	0.0	0.032258064412070755	0.0	0.0	0.0	0.0	0.0	0.0	0.0	0.0	0.0	0.0	0.0	0.0	0.0	0.0	0.0	0.0	0.0
GCTAAGGGTATACCCTTAGC	11	0.9999999909090911	0.0	0.9999999909090911	0.0	0.0	0.0	0.0	0.0	0.0	0.0	0.0	0.0	0.0	0.0	0.0	0.0	0.0	0.0	0.0	0.0
GAACAGGTACGTACCTGTTC	14	0.07142857091836735	0.0	0.0	0.0	0.0	0.0	0.0	0.0	0.0	0.9285714219387756	0.0	0.0	0.0	0.0	0.0	0.0	0.0	0.0	0.0	0.07142857091836735
CGTAAGGGCGCGCCCTTACG	0	0.0	0.0	0.0	0.0	0.0	0.0	0.0	0.0	0.0	0.0	0.0	0.0	0.0	0.0	0.0	0.0	0.0	0.0	0.0	0.0
CGCTAGGCATATGCCTAGCG	3	0.0	0.0	0.0	0.0	0.0	0.0	0.0	0.0	0.0	0.0	0.0	0.0	0.3333333222222226	0.0	0.0	0.0	0.0	0.0	0.0	0.0
AACTAGGGCCGGCCCTAGTT	0	0.0	0.0	0.0	0.0	0.0	0.0	0.0	0.0	0.0	0.0	0.0	0.0	0.0	0.0	0.0	0.0	0.0	0.0	0.0	0.0
CCAAAGGCGCGCGCCTTTGG	0	0.0	0.0	0.0	0.0	0.0	0.0	0.0	0.0	0.0	0.0	0.0	0.0	0.0	0.0	0.0	0.0	0.0	0.0	0.0	0.0
GTCAAGGGGCGCCCCTTGAC	0	0.0	0.0	0.0	0.0	0.0	0.0	0.0	0.0	0.0	0.0	0.0	0.0	0.0	0.0	0.0	0.0	0.0	0.0	0.0	0.0
GAATAGGCTCGAGCCTATTC	87	0.0	0.0	0.0	0.0	0.0	0.0	0.0	0.0	0.0	0.0	0.0	0.0	0.02298850572070287	0.0	0.0	0.0	0.0	0.011494252860351434	0.0	0.1724137929052715
TCATAGGTTCGAACCTATGA	1310	0.0015267175571353649	0.017557251907056697	0.017557251907056697	0.0007633587785676824	0.013740458014218285	0.0	0.0	0.0068702290071091425	0.0015267175571353649	0.0015267175571353649	0.013740458014218285	0.0	0.0	0.0022900763357030477	0.0	0.0007633587785676824	0.02213740457846279	0.016793893128489015	0.0	0.03282442747841035
CGCTAGGATGCATCCTAGCG	0	0.0	0.0	0.0	0.0	0.0	0.0	0.0	0.0	0.0	0.0	0.0	0.0	0.0	0.0	0.0	0.0	0.0	0.0	0.0	0.0
AAGTAGGGGCGCCCCTACTT	0	0.0	0.0	0.0	0.0	0.0	0.0	0.0	0.0	0.0	0.0	0.0	0.0	0.0	0.0	0.0	0.0	0.0	0.0	0.0	0.0
CCGTAGGCAGCTGCCTACGG	0	0.0	0.0	0.0	0.0	0.0	0.0	0.0	0.0	0.0	0.0	0.0	0.0	0.0	0.0	0.0	0.0	0.0	0.0	0.0	0.0
CCGGAGGATCGATCCTCCGG	15	0.0	0.0	0.0	0.0	0.0	0.0	0.0	0.0	0.0	0.0	0.0	0.0	0.0	0.0	0.0	0.0	0.0	0.0	0.0	0.0
AACGAGGCTTAAGCCTCGTT	139	0.0	0.007194244599140831	0.0	0.0	0.0	0.0	0.0	0.0	0.0	0.0	0.007194244599140831	0.0	0.0	0.007194244599140831	0.007194244599140831	0.0	0.0	0.0	0.0	0.0
TCGCAGGGACGTCCCTGCGA	0	0.0	0.0	0.0	0.0	0.0	0.0	0.0	0.0	0.0	0.0	0.0	0.0	0.0	0.0	0.0	0.0	0.0	0.0	0.0	0.0
GTCTAGGTCCGGACCTAGAC	27	0.0	0.0	0.0	0.0	0.0	0.40740740589849106	0.0	0.0	0.0	0.0	0.0	0.5925925903978052	0.0	0.0	0.0	0.0	0.0	0.0	0.0	0.0
TGGTAGGCGCGCGCCTACCA	0	0.0	0.0	0.0	0.0	0.0	0.0	0.0	0.0	0.0	0.0	0.0	0.0	0.0	0.0	0.0	0.0	0.0	0.0	0.0	0.0
TGTAAGGTCGCGACCTTACA	0	0.0	0.0	0.0	0.0	0.0	0.0	0.0	0.0	0.0	0.0	0.0	0.0	0.0	0.0	0.0	0.0	0.0	0.0	0.0	0.0
GTCGAGGACGCGTCCTCGAC	0	0.0	0.0	0.0	0.0	0.0	0.0	0.0	0.0	0.0	0.0	0.0	0.0	0.0	0.0	0.0	0.0	0.0	0.0	0.0	0.0
TGCGAGGAGATCTCCTCGCA	113	0.008849557514292427	0.0	0.0	0.30973451300023497	0.0	0.21238938034301827	0.0	0.0	0.0	0.0	0.0	0.0	0.0	0.0	0.0	0.0	0.0	0.026548672542877284	0.0	0.0
CAATAGGCGGCCGCCTATTG	0	0.0	0.0	0.0	0.0	0.0	0.0	0.0	0.0	0.0	0.0	0.0	0.0	0.0	0.0	0.0	0.0	0.0	0.0	0.0	0.0
AACTAGGACGCGTCCTAGTT	113	0.0	0.0	0.0	0.0	0.0	0.0	0.0	0.0	0.0	0.008849557514292427	0.0	0.017699115028584855	0.0	0.008849557514292427	0.008849557514292427	0.0	0.0	0.008849557514292427	0.10619469017150913	0.0
TTCGAGGCGGCCGCCTCGAA	0	0.0	0.0	0.0	0.0	0.0	0.0	0.0	0.0	0.0	0.0	0.0	0.0	0.0	0.0	0.0	0.0	0.0	0.0	0.0	0.0
CACGAGGTACGTACCTCGTG	25	0.0	0.0	0.0	0.0	0.0	0.0	0.0	0.0	0.0	0.0	0.0	0.0	0.0	0.0	0.0	0.03999999984	0.0	0.0	0.0	0.03999999984
TCGTAGGCCTAGGCCTACGA	40	0.0	0.0	0.0	0.0	0.0	0.0	0.0	0.0	0.0	0.0	0.0	0.0	0.0	0.0	0.0	0.0	0.0	0.0	0.0	0.0
AACGAGGTATATACCTCGTT	1465	0.0	0.0006825938566086966	0.0	0.0006825938566086966	0.0006825938566086966	0.0	0.0020477815698260898	0.0013651877132173933	0.008191126279304359	0.010921501705739146	0.01228668941895654	0.0006825938566086966	0.0020477815698260898	0.0013651877132173933	0.007508532422695663	0.0	0.0	0.0068259385660869665	0.017064846415217414	0.0006825938566086966
GCGTAGGTAGCTACCTACGC	0	0.0	0.0	0.0	0.0	0.0	0.0	0.0	0.0	0.0	0.0	0.0	0.0	0.0	0.0	0.0	0.0	0.0	0.0	0.0	0.0
TCTAAGGCGATCGCCTTAGA	60	0.0	0.01666666663888889	0.0	0.0	0.0	0.0	0.01666666663888889	0.0	0.0	0.0	0.0	0.0	0.0	0.0	0.0	0.0	0.0	0.0	0.01666666663888889	0.0
TTGCAGGCGATCGCCTGCAA	0	0.0	0.0	0.0	0.0	0.0	0.0	0.0	0.0	0.0	0.0	0.0	0.0	0.0	0.0	0.0	0.0	0.0	0.0	0.0	0.0
ACGTAGGGTTAACCCTACGT	610	0.003278688524052674	0.003278688524052674	0.003278688524052674	0.0	0.04590163933673744	0.0	0.0	0.001639344262026337	0.003278688524052674	0.0	0.003278688524052674	0.001639344262026337	0.0	0.0	0.0	0.04098360655065843	0.0	0.001639344262026337	0.0	0.03278688524052674
AGCTAGGTGCGCACCTAGCT	0	0.0	0.0	0.0	0.0	0.0	0.0	0.0	0.0	0.0	0.0	0.0	0.0	0.0	0.0	0.0	0.0	0.0	0.0	0.0	0.0
ACGGAGGATGCATCCTCCGT	30	0.0	0.0	0.0	0.0	0.36666666544444443	0.0	0.0	0.0	0.0	0.0	0.0	0.0	0.0	0.0	0.0	0.0	0.03333333322222222	0.0	0.0	0.0
TAGAAGGGGCGCCCCTTCTA	0	0.0	0.0	0.0	0.0	0.0	0.0	0.0	0.0	0.0	0.0	0.0	0.0	0.0	0.0	0.0	0.0	0.0	0.0	0.0	0.0
CACTAGGCGTACGCCTAGTG	65	0.0	0.0	0.0	0.0	0.0	0.0	0.0	0.0	0.0	0.0	0.0	0.0	0.0	0.0	0.0	0.0	0.0	0.0	0.0	0.0
GATTAGGCCGCGGCCTAATC	0	0.0	0.0	0.0	0.0	0.0	0.0	0.0	0.0	0.0	0.0	0.0	0.0	0.0	0.0	0.0	0.0	0.0	0.0	0.0	0.0
ATCGAGGATGCATCCTCGAT	82	0.0	0.23170731679060086	0.23170731679060086	0.0	0.0	0.0	0.0	0.21951219485425344	0.0	0.0	0.0	0.0	0.0	0.0	0.0	0.0	0.0	0.0	0.0	0.0
CGCTAGGCGATCGCCTAGCG	0	0.0	0.0	0.0	0.0	0.0	0.0	0.0	0.0	0.0	0.0	0.0	0.0	0.0	0.0	0.0	0.0	0.0	0.0	0.0	0.0
CGATAGGCTCGAGCCTATCG	20	0.0	0.0	0.0	0.0	0.0	0.0	0.0	0.0	0.0	0.0	0.94999999525	0.0	0.0	0.0	0.049999999749999996	0.0	0.0	0.0	0.0	0.0
GGTAAGGGCGCGCCCTTACC	0	0.0	0.0	0.0	0.0	0.0	0.0	0.0	0.0	0.0	0.0	0.0	0.0	0.0	0.0	0.0	0.0	0.0	0.0	0.0	0.0
GAGTAGGAGCGCTCCTACTC	19	0.0	0.0	0.0	0.0	0.0	0.0	0.0	0.0	0.0	0.0	0.0	0.0	0.9999999947368421	0.0	0.0	0.0	0.0	0.0	0.0	0.0
TAATAGGGGTACCCCTATTA	19	0.0	0.0	0.0	0.0	0.0	0.0	0.0	0.0	0.0	0.0	0.0	0.0	0.0	0.0	0.0	0.0	0.0	0.5263157867036011	0.0	0.5263157867036011
AACGAGGGAGCTCCCTCGTT	0	0.0	0.0	0.0	0.0	0.0	0.0	0.0	0.0	0.0	0.0	0.0	0.0	0.0	0.0	0.0	0.0	0.0	0.0	0.0	0.0
CCATAGGTGTACACCTATGG	255	0.12549019602921954	0.06274509801460977	0.12156862740330643	0.003921568625913111	0.0	0.003921568625913111	0.0	0.003921568625913111	0.0	0.003921568625913111	0.0	0.003921568625913111	0.003921568625913111	0.0	0.0	0.0	0.0	0.0	0.054901960762783544	0.09019607839600154
ACGGAGGGGTACCCCTCCGT	35	0.0	0.02857142848979592	0.5142857128163265	0.0	0.02857142848979592	0.0	0.0	0.0	0.0	0.0	0.0	0.0	0.0	0.0	0.0	0.0	0.5142857128163265	0.0	0.0	0.0
GCGTAGGACGCGTCCTACGC	0	0.0	0.0	0.0	0.0	0.0	0.0	0.0	0.0	0.0	0.0	0.0	0.0	0.0	0.0	0.0	0.0	0.0	0.0	0.0	0.0
GGTTAGGACGCGTCCTAACC	13	0.9999999923076924	0.0	0.0	0.0	0.0	0.0	0.0	0.0	0.0	0.0	0.0	0.0	0.0	0.0	0.0	0.0	0.0	0.0	0.0	0.9999999923076924
TATCAGGGGGCCCCCTGATA	0	0.0	0.0	0.0	0.0	0.0	0.0	0.0	0.0	0.0	0.0	0.0	0.0	0.0	0.0	0.0	0.0	0.0	0.0	0.0	0.0
GCCGAGGATTAATCCTCGGC	24	0.0	0.0	0.0	0.0	0.0	0.0	0.0	0.04166666649305555	0.0	0.0	0.0	0.0	0.0	0.0	0.0	0.04166666649305555	0.0	0.0	0.0	0.0
CTTAAGGGGTACCCCTTAAG	1556	0.016709511567049515	0.012210796914382338	0.0	0.008997429305334355	0.010282776348953549	0.010282776348953549	0.0	0.0	0.0006426735218095968	0.005141388174476774	0.006426735218095968	0.010925449870763146	0.0038560411308575806	0.0019280205654287903	0.0	0.0006426735218095968	0.002570694087238387	0.016709511567049515	0.011568123392572741	0.04820051413571976
CGTTAGGCGATCGCCTAACG	0	0.0	0.0	0.0	0.0	0.0	0.0	0.0	0.0	0.0	0.0	0.0	0.0	0.0	0.0	0.0	0.0	0.0	0.0	0.0	0.0
CTATAGGTGTACACCTATAG	1090	0.0	0.0018348623851527648	0.01100917431091659	0.0	0.0990825687982493	0.0009174311925763824	0.0	0.0027522935777291473	0.0009174311925763824	0.0	0.0018348623851527648	0.0009174311925763824	0.0009174311925763824	0.0027522935777291473	0.0018348623851527648	0.07889908256156888	0.0027522935777291473	0.0027522935777291473	0.015596330273798501	0.005504587155458295
ATGTAGGGACGTCCCTACAT	75	0.0	0.0	0.0	0.0	0.0	0.0	0.0	0.0	0.0	0.026666666631111113	0.0	0.0	0.0	0.22666666636444446	0.0	0.0	0.0	0.0	0.0	0.0
AACGAGGCACGTGCCTCGTT	0	0.0	0.0	0.0	0.0	0.0	0.0	0.0	0.0	0.0	0.0	0.0	0.0	0.0	0.0	0.0	0.0	0.0	0.0	0.0	0.0
AGCGAGGGTCGACCCTCGCT	0	0.0	0.0	0.0	0.0	0.0	0.0	0.0	0.0	0.0	0.0	0.0	0.0	0.0	0.0	0.0	0.0	0.0	0.0	0.0	0.0
GACGAGGTCTAGACCTCGTC	0	0.0	0.0	0.0	0.0	0.0	0.0	0.0	0.0	0.0	0.0	0.0	0.0	0.0	0.0	0.0	0.0	0.0	0.0	0.0	0.0
TAGCAGGCGCGCGCCTGCTA	0	0.0	0.0	0.0	0.0	0.0	0.0	0.0	0.0	0.0	0.0	0.0	0.0	0.0	0.0	0.0	0.0	0.0	0.0	0.0	0.0
ATACAGGCGGCCGCCTGTAT	23	0.0	0.0	0.0	0.0	0.0	0.0	0.0	0.0	0.0	0.0	0.0	0.9999999956521739	0.0	0.0	0.0	0.0	0.0	0.0	0.0	0.0
ACGGAGGTGATCACCTCCGT	85	0.0	0.0	0.0	0.0	0.0	0.0	0.0	0.0	0.0	0.0	0.0	0.17647058802768167	0.0	0.0	0.011764705868512111	0.0	0.0	0.011764705868512111	0.0	0.0
ACTAAGGTGTACACCTTAGT	2	0.0	0.0	0.0	0.0	0.0	0.0	0.0	0.0	0.0	0.0	0.0	0.0	0.0	0.0	0.0	0.0	0.0	0.0	0.0	0.0
TTGGAGGCGCGCGCCTCCAA	0	0.0	0.0	0.0	0.0	0.0	0.0	0.0	0.0	0.0	0.0	0.0	0.0	0.0	0.0	0.0	0.0	0.0	0.0	0.0	0.0
GGATAGGAGTACTCCTATCC	315	0.0	0.0	0.003174603173595364	0.003174603173595364	0.0	0.003174603173595364	0.0	0.0	0.0	0.0	0.003174603173595364	0.04126984125673973	0.003174603173595364	0.0	0.0	0.0	0.0	0.0	0.0	0.0
CTGTAGGGACGTCCCTACAG	0	0.0	0.0	0.0	0.0	0.0	0.0	0.0	0.0	0.0	0.0	0.0	0.0	0.0	0.0	0.0	0.0	0.0	0.0	0.0	0.0
CGATAGGTTATAACCTATCG	2965	0.01079258010081644	0.004721753794107193	0.005059021922257706	0.0006745362563010275	0.03237774030244932	0.0	0.0010118043844515412	0.0057335581785587335	0.001349072512602055	0.006408094434859761	0.0010118043844515412	0.001349072512602055	0.0006745362563010275	0.00269814502520411	0.00033726812815051374	0.004721753794107193	0.001349072512602055	0.00033726812815051374	0.013153456997870036	0.008768971331913357
ATGTAGGGTATACCCTACAT	16	0.0	0.0	0.0	0.0	0.0	0.0	0.0	0.0	0.0	0.0	0.0	0.0	0.0	0.0	0.0	0.0	0.0	0.562499996484375	0.0	0.562499996484375
TGTCAGGTACGTACCTGACA	120	0.0	0.1583333332013889	0.0	0.00833333332638889	0.0	0.0	0.0	0.0	0.0	0.00833333332638889	0.0	0.0	0.0	0.0	0.0	0.0	0.11666666656944445	0.0	0.16666666652777778	0.0
GGCGAGGTATATACCTCGCC	0	0.0	0.0	0.0	0.0	0.0	0.0	0.0	0.0	0.0	0.0	0.0	0.0	0.0	0.0	0.0	0.0	0.0	0.0	0.0	0.0
TCGCAGGATTAATCCTGCGA	107	0.0	0.13084112137304568	0.13084112137304568	0.0	0.0	0.0	0.0	0.0	0.009345794383788977	0.0	0.0	0.009345794383788977	0.0	0.0	0.0	0.009345794383788977	0.0	0.0	0.0	0.009345794383788977
CCTTAGGTCGCGACCTAAGG	0	0.0	0.0	0.0	0.0	0.0	0.0	0.0	0.0	0.0	0.0	0.0	0.0	0.0	0.0	0.0	0.0	0.0	0.0	0.0	0.0
TGATAGGGACGTCCCTATCA	229	0.0	0.04803493447684064	0.0	0.0	0.0	0.0	0.0	0.0	0.004366812225167331	0.0	0.0	0.0	0.0	0.004366812225167331	0.004366812225167331	0.004366812225167331	0.0	0.0	0.008733624450334663	0.021834061125836655
TCTAAGGGGTACCCCTTAGA	1192	0.0	0.012583892616393968	0.0	0.0	0.0008389261744262645	0.0	0.0	0.0	0.0008389261744262645	0.0	0.0008389261744262645	0.0008389261744262645	0.0	0.0008389261744262645	0.0008389261744262645	0.0	0.0	0.0	0.01677852348852529	0.020134228186230348
CGAAAGGCTATAGCCTTTCG	231	0.0	0.06926406923408482	0.0	0.0	0.0	0.0	0.0	0.004329004327130301	0.0	0.0	0.0	0.0	0.0	0.004329004327130301	0.0	0.0	0.004329004327130301	0.0	0.004329004327130301	0.0
TCGAAGGACATGTCCTTCGA	308	0.04870129868548659	0.006493506491398212	0.003246753245699106	0.003246753245699106	0.0584415584225839	0.0	0.12337662333656602	0.0584415584225839	0.0	0.0	0.0	0.0	0.0	0.003246753245699106	0.0	0.0	0.0	0.06168831166828301	0.006493506491398212	0.05194805193118569
ACCGAGGATTAATCCTCGGT	9	0.0	0.0	0.0	0.0	0.0	0.0	0.0	0.0	0.0	0.0	0.0	0.0	0.0	0.0	0.0	0.0	0.8888888790123458	0.0	0.0	0.0
TCGGAGGAACGTTCCTCCGA	14	0.0	0.0	0.0	0.0	0.0	0.0	0.0	0.0	0.0	0.0	0.0	0.0	0.0	0.0	0.0	0.0	0.0	0.9999999928571429	0.07142857091836735	0.0
TACTAGGACGCGTCCTAGTA	11	0.9999999909090911	0.0	0.0	0.0	0.0	0.0	0.0	0.0	0.0	0.0	0.0	0.0	0.0	0.0	0.0	0.0	0.0	0.0	0.0	0.9999999909090911
TTGAAGGCGGCCGCCTTCAA	0	0.0	0.0	0.0	0.0	0.0	0.0	0.0	0.0	0.0	0.0	0.0	0.0	0.0	0.0	0.0	0.0	0.0	0.0	0.0	0.0
GTCTAGGCTATAGCCTAGAC	11	0.0	0.0	0.0	0.0	0.0	0.0	0.0	0.0	0.0	0.0	0.0	0.0	0.0	0.0	0.0	0.0	0.0	0.0	0.0	0.0
CTATAGGACGCGTCCTATAG	0	0.0	0.0	0.0	0.0	0.0	0.0	0.0	0.0	0.0	0.0	0.0	0.0	0.0	0.0	0.0	0.0	0.0	0.0	0.0	0.0
TCCGAGGTACGTACCTCGGA	18	0.0	0.0	0.0	0.0	0.0	0.0	0.0	0.0	0.0	0.0	0.0	0.0	0.0	0.9999999944444444	0.0	0.0	0.0	0.0	0.0	0.0
TTAGAGGGACGTCCCTCTAA	374	0.002673796790728931	0.002673796790728931	0.002673796790728931	0.0	0.0	0.06684491976822328	0.0	0.0	0.0	0.0	0.029411764698018244	0.0	0.005347593581457862	0.0	0.002673796790728931	0.0	0.0	0.0	0.05347593581457862	0.0
CCATAGGTTCGAACCTATGG	37	0.054054053907962016	0.027027026953981008	0.0	0.0	0.0	0.0	0.0	0.0	0.0	0.0	0.0	0.0	0.0	0.0	0.0	0.0	0.0	0.0	0.0	0.054054053907962016
GATGAGGCGGCCGCCTCATC	0	0.0	0.0	0.0	0.0	0.0	0.0	0.0	0.0	0.0	0.0	0.0	0.0	0.0	0.0	0.0	0.0	0.0	0.0	0.0	0.0
CTAAAGGGTTAACCCTTTAG	3595	0.0008344923504635747	0.0033379694018542986	0.00027816411682119157	0.0005563282336423831	0.013073713490596004	0.00027816411682119157	0.00027816411682119157	0.005841446453245022	0.0036161335186754903	0.013630041724238385	0.01947148817748341	0.00027816411682119157	0.0011126564672847663	0.0016689847009271493	0.0008344923504635747	0.0011126564672847663	0.0008344923504635747	0.00027816411682119157	0.001947148817748341	0.0013908205841059577
CGTGAGGCGATCGCCTCACG	8	0.0	0.0	0.0	0.0	0.4999999937500001	0.0	0.0	0.0	0.0	0.0	0.12499999843750002	0.0	0.0	0.0	0.0	0.24999999687500005	0.0	0.0	0.0	0.0
GTAAAGGCCCGGGCCTTTAC	0	0.0	0.0	0.0	0.0	0.0	0.0	0.0	0.0	0.0	0.0	0.0	0.0	0.0	0.0	0.0	0.0	0.0	0.0	0.0	0.0
TTCGAGGCCCGGGCCTCGAA	0	0.0	0.0	0.0	0.0	0.0	0.0	0.0	0.0	0.0	0.0	0.0	0.0	0.0	0.0	0.0	0.0	0.0	0.0	0.0	0.0
CATTAGGCTCGAGCCTAATG	4	0.0	0.4999999875000003	0.4999999875000003	0.0	0.24999999375000015	0.0	0.0	0.0	0.0	0.0	0.0	0.0	0.0	0.0	0.0	0.0	0.0	0.0	0.0	0.0
TGGAAGGCGTACGCCTTCCA	0	0.0	0.0	0.0	0.0	0.0	0.0	0.0	0.0	0.0	0.0	0.0	0.0	0.0	0.0	0.0	0.0	0.0	0.0	0.0	0.0
CCCAAGGTCGCGACCTTGGG	0	0.0	0.0	0.0	0.0	0.0	0.0	0.0	0.0	0.0	0.0	0.0	0.0	0.0	0.0	0.0	0.0	0.0	0.0	0.0	0.0
GGCGAGGTGTACACCTCGCC	0	0.0	0.0	0.0	0.0	0.0	0.0	0.0	0.0	0.0	0.0	0.0	0.0	0.0	0.0	0.0	0.0	0.0	0.0	0.0	0.0
AACGAGGGTATACCCTCGTT	0	0.0	0.0	0.0	0.0	0.0	0.0	0.0	0.0	0.0	0.0	0.0	0.0	0.0	0.0	0.0	0.0	0.0	0.0	0.0	0.0
GTCTAGGTCGCGACCTAGAC	0	0.0	0.0	0.0	0.0	0.0	0.0	0.0	0.0	0.0	0.0	0.0	0.0	0.0	0.0	0.0	0.0	0.0	0.0	0.0	0.0
CCTAAGGTGCGCACCTTAGG	0	0.0	0.0	0.0	0.0	0.0	0.0	0.0	0.0	0.0	0.0	0.0	0.0	0.0	0.0	0.0	0.0	0.0	0.0	0.0	0.0
AATGAGGATCGATCCTCATT	1038	0.026974951827844415	0.02023121387088331	0.01059730250379602	0.0	0.017341040460757125	0.0	0.016377649324048393	0.0009633911367087292	0.0	0.014450867050630936	0.0019267822734174583	0.0019267822734174583	0.002890173410126187	0.002890173410126187	0.0019267822734174583	0.0009633911367087292	0.0009633911367087292	0.0009633911367087292	0.0009633911367087292	0.0
CGGAAGGACTAGTCCTTCCG	77	0.012987012970146738	0.012987012970146738	0.28571428534322824	0.0	0.0	0.0	0.0	0.0	0.012987012970146738	0.0	0.0	0.0	0.0	0.0	0.0	0.0	0.0	0.0	0.0	0.0
ACGTAGGCGCGCGCCTACGT	0	0.0	0.0	0.0	0.0	0.0	0.0	0.0	0.0	0.0	0.0	0.0	0.0	0.0	0.0	0.0	0.0	0.0	0.0	0.0	0.0
AGTAAGGCCCGGGCCTTACT	1	0.0	0.0	0.0	0.0	0.0	0.0	0.0	0.0	0.0	0.0	0.0	0.0	0.0	0.0	0.0	0.0	0.0	0.0	0.0	0.0
TTTAAGGCGATCGCCTTAAA	146	0.01369863012760368	0.0	0.0	0.01369863012760368	0.020547945191405518	0.0	0.0	0.0	0.0	0.0	0.0	0.0	0.0	0.0	0.0	0.07534246570182024	0.0	0.07534246570182024	0.0	0.0
AGTAAGGTCCGGACCTTACT	67	0.0	0.0	0.0	0.0	0.19402985045667187	0.07462686556025841	0.0	0.014925373112051683	0.014925373112051683	0.0	0.04477611933615505	0.0	0.0	0.0	0.0	0.0	0.0	0.0	0.029850746224103365	0.014925373112051683
ATGTAGGACGCGTCCTACAT	43	0.0	0.0	0.0	0.0	0.0	0.0	0.0	0.0	0.0	0.0	0.023255813899405082	0.0	0.0	0.4186046501892915	0.4651162779881017	0.0	0.0	0.0	0.0	0.0
GTTGAGGACGCGTCCTCAAC	1	0.0	0.0	0.9999999000000099	0.0	0.0	0.0	0.0	0.0	0.0	0.0	0.0	0.0	0.0	0.0	0.0	0.0	0.0	0.9999999000000099	0.0	0.0
GATAAGGAGCGCTCCTTATC	68	0.0	0.0	0.0	0.0	0.0	0.0	0.0	0.0	0.0	0.17647058797577855	0.02941176466262976	0.0	0.0	0.0	0.0	0.0	0.0	0.0	0.0	0.0
TTATAGGGGTACCCCTATAA	1290	0.0	0.0007751937983895198	0.0023255813951685595	0.0	0.04341085270981311	0.0	0.0	0.0	0.0	0.0007751937983895198	0.0	0.0007751937983895198	0.0015503875967790397	0.0023255813951685595	0.0	0.04883720929853975	0.0015503875967790397	0.0015503875967790397	0.0031007751935580793	0.008527131782284718
CTCGAGGATATATCCTCGAG	877	0.0	0.0011402508550581243	0.0	0.0022805017101162487	0.0	0.0	0.031927023941627476	0.004561003420232497	0.0011402508550581243	0.0011402508550581243	0.0	0.0	0.0022805017101162487	0.004561003420232497	0.0	0.0011402508550581243	0.012542759405639366	0.0	0.0011402508550581243	0.030786773086569356
GGCGAGGCTATAGCCTCGCC	0	0.0	0.0	0.0	0.0	0.0	0.0	0.0	0.0	0.0	0.0	0.0	0.0	0.0	0.0	0.0	0.0	0.0	0.0	0.0	0.0
CTCGAGGAGTACTCCTCGAG	0	0.0	0.0	0.0	0.0	0.0	0.0	0.0	0.0	0.0	0.0	0.0	0.0	0.0	0.0	0.0	0.0	0.0	0.0	0.0	0.0
AAACAGGTACGTACCTGTTT	690	0.0028985507242176014	0.0014492753621088007	0.004347826086326403	0.004347826086326403	0.0014492753621088007	0.026086956517958414	0.0014492753621088007	0.005797101448435203	0.0	0.02028985506952321	0.0	0.0014492753621088007	0.0014492753621088007	0.004347826086326403	0.027536231880067215	0.0	0.0	0.0014492753621088007	0.0	0.0
CCGTAGGTGGCCACCTACGG	0	0.0	0.0	0.0	0.0	0.0	0.0	0.0	0.0	0.0	0.0	0.0	0.0	0.0	0.0	0.0	0.0	0.0	0.0	0.0	0.0
CTGAAGGCGATCGCCTTCAG	10	0.0	0.0	0.0	0.0	0.0	0.0	0.0	0.0	0.0	0.0	0.0	0.0	0.0	0.0	0.0	0.0	0.0	0.0	0.0	0.0
CTTAAGGTGCGCACCTTAAG	0	0.0	0.0	0.0	0.0	0.0	0.0	0.0	0.0	0.0	0.0	0.0	0.0	0.0	0.0	0.0	0.0	0.0	0.0	0.0	0.0
GCCGAGGTAGCTACCTCGGC	0	0.0	0.0	0.0	0.0	0.0	0.0	0.0	0.0	0.0	0.0	0.0	0.0	0.0	0.0	0.0	0.0	0.0	0.0	0.0	0.0
CACGAGGGGATCCCCTCGTG	0	0.0	0.0	0.0	0.0	0.0	0.0	0.0	0.0	0.0	0.0	0.0	0.0	0.0	0.0	0.0	0.0	0.0	0.0	0.0	0.0
CGGTAGGTCGCGACCTACCG	0	0.0	0.0	0.0	0.0	0.0	0.0	0.0	0.0	0.0	0.0	0.0	0.0	0.0	0.0	0.0	0.0	0.0	0.0	0.0	0.0
TGTTAGGTCTAGACCTAACA	1830	0.0010928961748036669	0.0010928961748036669	0.0010928961748036669	0.0021857923496073337	0.032786885244110005	0.0	0.0005464480874018334	0.0038251366118128337	0.0016393442622055002	0.0071038251362238345	0.0010928961748036669	0.0	0.0032786885244110004	0.0005464480874018334	0.0	0.024590163933082505	0.0010928961748036669	0.0	0.005464480874018334	0.021857923496073337
AACTAGGTCGCGACCTAGTT	29	0.0	0.0	0.0	0.0	0.0	0.0	0.0	0.0	0.0	0.0	0.0	0.0	0.0	0.0	0.13793103400713436	0.0	0.0	0.0	0.0	0.0
GTCTAGGTTTAAACCTAGAC	2160	0.009259259258830591	0.014814814814128946	0.005555555555298354	0.0	0.011574074073538238	0.0	0.0009259259258830591	0.007870370370006001	0.002314814814707648	0.00046296296294152955	0.0018518518517661182	0.0	0.0009259259258830591	0.002314814814707648	0.00046296296294152955	0.0037037037035322364	0.00046296296294152955	0.0009259259258830591	0.00833333333294753	0.015740740740012003
TCGTAGGGTTAACCCTACGA	483	0.008281573497250191	0.006211180122937644	0.0020703933743125478	0.0041407867486250955	0.0	0.0	0.04140786748625096	0.0	0.0041407867486250955	0.0041407867486250955	0.0041407867486250955	0.0	0.0020703933743125478	0.0020703933743125478	0.014492753620187836	0.04347826086056351	0.0	0.0	0.0020703933743125478	0.012422360245875287
GATTAGGCGGCCGCCTAATC	0	0.0	0.0	0.0	0.0	0.0	0.0	0.0	0.0	0.0	0.0	0.0	0.0	0.0	0.0	0.0	0.0	0.0	0.0	0.0	0.0
GAATAGGTACGTACCTATTC	575	0.03478260868960303	0.04869565216544424	0.0	0.0017391304344801513	0.0	0.0	0.0017391304344801513	0.005217391303440454	0.0017391304344801513	0.0017391304344801513	0.0017391304344801513	0.005217391303440454	0.0	0.0017391304344801513	0.0	0.03478260868960303	0.0017391304344801513	0.0	0.008695652172400757	0.010434782606880908
CCCAAGGTTCGAACCTTGGG	2	0.0	0.0	0.0	0.0	0.0	0.0	0.0	0.0	0.0	0.0	0.0	0.0	0.0	0.0	0.0	0.0	0.0	0.0	0.0	0.0
CGTAAGGCACGTGCCTTACG	0	0.0	0.0	0.0	0.0	0.0	0.0	0.0	0.0	0.0	0.0	0.0	0.0	0.0	0.0	0.0	0.0	0.0	0.0	0.0	0.0
ACGAAGGATGCATCCTTCGT	34	0.17647058771626298	0.17647058771626298	0.0	0.49999999852941174	0.0	0.0	0.0	0.0	0.0	0.0	0.0	0.0	0.0	0.0	0.02941176461937716	0.0	0.0	0.0	0.0	0.0
TCGAAGGGAATTCCCTTCGA	223	0.0	0.06278026903014337	0.0	0.0	0.0	0.0	0.0	0.0	0.0	0.004484304930724527	0.004484304930724527	0.0	0.0	0.0	0.058295964099418854	0.004484304930724527	0.0	0.0	0.0	0.0
TGCGAGGCGATCGCCTCGCA	0	0.0	0.0	0.0	0.0	0.0	0.0	0.0	0.0	0.0	0.0	0.0	0.0	0.0	0.0	0.0	0.0	0.0	0.0	0.0	0.0
ACGAAGGAGCGCTCCTTCGT	0	0.0	0.0	0.0	0.0	0.0	0.0	0.0	0.0	0.0	0.0	0.0	0.0	0.0	0.0	0.0	0.0	0.0	0.0	0.0	0.0
CGTCAGGTCGCGACCTGACG	0	0.0	0.0	0.0	0.0	0.0	0.0	0.0	0.0	0.0	0.0	0.0	0.0	0.0	0.0	0.0	0.0	0.0	0.0	0.0	0.0
GATGAGGTCCGGACCTCATC	20	0.0	0.0	0.0	0.049999999749999996	0.0	0.74999999625	0.0	0.0	0.0	0.14999999925	0.0	0.0	0.0	0.0	0.049999999749999996	0.0	0.049999999749999996	0.0	0.0	0.0
AAATAGGACGCGTCCTATTT	441	0.0	0.0	0.0022675736956309354	0.0022675736956309354	0.004535147391261871	0.004535147391261871	0.0	0.0022675736956309354	0.0	0.006802721086892807	0.0	0.0	0.0	0.018140589565047483	0.0022675736956309354	0.009070294782523742	0.0022675736956309354	0.0	0.02494331065194029	0.0
TAGTAGGTTCGAACCTACTA	697	0.0	0.017216642752192736	0.017216642752192736	0.025824964128289104	0.057388809173975784	0.0014347202293493945	0.004304160688048184	0.008608321376096368	0.0014347202293493945	0.0014347202293493945	0.0	0.0014347202293493945	0.0	0.0014347202293493945	0.0	0.027259684357638498	0.025824964128289104	0.020086083210891524	0.04447632710983123	0.004304160688048184
CGTTAGGACATGTCCTAACG	3	0.0	0.0	0.0	0.0	0.0	0.0	0.0	0.0	0.0	0.0	0.0	0.9999999666666678	0.0	0.0	0.0	0.0	0.0	0.0	0.0	0.0
CGAAAGGTCGCGACCTTTCG	0	0.0	0.0	0.0	0.0	0.0	0.0	0.0	0.0	0.0	0.0	0.0	0.0	0.0	0.0	0.0	0.0	0.0	0.0	0.0	0.0
GTTTAGGCGATCGCCTAAAC	18	0.0	0.0	0.0	0.0	0.0	0.0	0.0	0.0	0.7777777734567901	0.0	0.0	0.0	0.0	0.0	0.0	0.0	0.0	0.0	0.0	0.0
CGTGAGGCATATGCCTCACG	27	0.0	0.0	0.0	0.0	0.0	0.0	0.0	0.0	0.0	0.0	0.0	0.0	0.0	0.0	0.0	0.0	0.0	0.0	0.0	0.037037036899862825
TAATAGGTCGCGACCTATTA	431	0.0	0.0	0.0023201856143108615	0.0023201856143108615	0.05104408351483896	0.0	0.0	0.0	0.0	0.004640371228621723	0.0	0.0	0.0	0.0	0.0	0.058004640357771545	0.0	0.004640371228621723	0.0023201856143108615	0.01160092807155431
TCCGAGGGTCGACCCTCGGA	0	0.0	0.0	0.0	0.0	0.0	0.0	0.0	0.0	0.0	0.0	0.0	0.0	0.0	0.0	0.0	0.0	0.0	0.0	0.0	0.0
GTACAGGTTCGAACCTGTAC	103	0.15533980567442737	0.0	0.0	0.0	0.0	0.24271844636629278	0.0	0.01941747570930342	0.0	0.0	0.0	0.0	0.0	0.0	0.0	0.0	0.0	0.0	0.00970873785465171	0.0
GTTGAGGATCGATCCTCAAC	76	0.0	0.0	0.0	0.013157894719529087	0.0	0.07894736831717453	0.013157894719529087	0.0	0.0	0.32894736798822716	0.0	0.0	0.0	0.0	0.013157894719529087	0.013157894719529087	0.0	0.0	0.0	0.0
GGTCAGGATATATCCTGACC	1525	0.007213114753625369	0.0	0.001311475409750067	0.010491803278000537	0.0	0.0006557377048750335	0.0006557377048750335	0.00918032786825047	0.001311475409750067	0.0	0.0	0.0	0.00918032786825047	0.001967213114625101	0.0	0.001311475409750067	0.002622950819500134	0.017704918031625907	0.017704918031625907	0.0006557377048750335
ACGGAGGGTCGACCCTCCGT	0	0.0	0.0	0.0	0.0	0.0	0.0	0.0	0.0	0.0	0.0	0.0	0.0	0.0	0.0	0.0	0.0	0.0	0.0	0.0	0.0
TTGTAGGGCGCGCCCTACAA	0	0.0	0.0	0.0	0.0	0.0	0.0	0.0	0.0	0.0	0.0	0.0	0.0	0.0	0.0	0.0	0.0	0.0	0.0	0.0	0.0
CTCGAGGTTATAACCTCGAG	893	0.007838745799794093	0.0011198208285420133	0.0	0.0022396416570840266	0.0	0.0	0.0	0.06494960805543677	0.0011198208285420133	0.021276595742298253	0.0	0.0011198208285420133	0.060470324741268726	0.0022396416570840266	0.0022396416570840266	0.0	0.0	0.0	0.0011198208285420133	0.0033594624856260404
CTCTAGGTACGTACCTAGAG	165	0.0	0.0	0.0	0.0	0.10909090902479339	0.0	0.0	0.0	0.0	0.006060606056932967	0.0	0.0	0.0	0.0	0.0	0.0	0.0	0.0	0.13333333325252525	0.13333333325252525
GATCAGGCGCGCGCCTGATC	0	0.0	0.0	0.0	0.0	0.0	0.0	0.0	0.0	0.0	0.0	0.0	0.0	0.0	0.0	0.0	0.0	0.0	0.0	0.0	0.0
ACTTAGGGTATACCCTAAGT	1862	0.0037593984960387003	0.0	0.0	0.0010741138560110572	0.03866809881639806	0.0010741138560110572	0.0	0.0010741138560110572	0.001611170784016586	0.018259935552187974	0.0005370569280055286	0.0010741138560110572	0.005370569280055286	0.0010741138560110572	0.0010741138560110572	0.012889366272132687	0.0	0.0010741138560110572	0.00805585392008293	0.010204081632105044
CGTAAGGAAATTTCCTTACG	821	0.0	0.0	0.0012180267964411661	0.0036540803893234984	0.0	0.0	0.0	0.0024360535928823323	0.0	0.0	0.0	0.0012180267964411661	0.01827040194661749	0.0012180267964411661	0.0	0.0012180267964411661	0.0	0.0012180267964411661	0.0	0.0012180267964411661
CGAGAGGTTATAACCTCTCG	15	0.06666666622222223	0.0	0.0	0.06666666622222223	0.0	0.0	0.0	0.0	0.0	0.0	0.0	0.0	0.0	0.0	0.0	0.0	0.06666666622222223	0.0	0.0	0.0
ATATAGGCTCGAGCCTATAT	417	0.031175059944562333	0.0	0.031175059944562333	0.0	0.033573141478759436	0.0	0.0023980815341971026	0.0	0.0	0.0	0.0023980815341971026	0.0023980815341971026	0.0	0.0023980815341971026	0.0	0.03597122301295654	0.0	0.0023980815341971026	0.0	0.0
GGTTAGGGACGTCCCTAACC	0	0.0	0.0	0.0	0.0	0.0	0.0	0.0	0.0	0.0	0.0	0.0	0.0	0.0	0.0	0.0	0.0	0.0	0.0	0.0	0.0
CGTCAGGATGCATCCTGACG	0	0.0	0.0	0.0	0.0	0.0	0.0	0.0	0.0	0.0	0.0	0.0	0.0	0.0	0.0	0.0	0.0	0.0	0.0	0.0	0.0
TTTAAGGCTCGAGCCTTAAA	356	0.0	0.0	0.0	0.036516853922326724	0.0	0.036516853922326724	0.0	0.0	0.0028089887632559017	0.0	0.0	0.0028089887632559017	0.0	0.0	0.036516853922326724	0.05337078650186214	0.0	0.05337078650186214	0.0	0.0
ACTTAGGACGCGTCCTAAGT	27	0.0	0.0	0.0	0.0	0.0	0.0	0.0	0.0	0.0	0.037037036899862825	0.0	0.5555555534979424	0.0	0.0	0.0	0.0	0.0	0.0	0.0	0.0
CCGAAGGTTTAAACCTTCGG	886	0.002257336342860346	0.0067720090285810376	0.002257336342860346	0.0	0.002257336342860346	0.001128668171430173	0.0	0.002257336342860346	0.0	0.0	0.016930022571452593	0.002257336342860346	0.0	0.0	0.001128668171430173	0.0	0.001128668171430173	0.001128668171430173	0.001128668171430173	0.001128668171430173
TAGAAGGGCGCGCCCTTCTA	17	0.0	0.0	0.0	0.0	0.0	0.0	0.0	0.0	0.9999999941176471	0.0	0.0	0.0	0.0	0.0	0.0	0.0	0.0	0.0	0.0	0.0
GCTTAGGCACGTGCCTAAGC	0	0.0	0.0	0.0	0.0	0.0	0.0	0.0	0.0	0.0	0.0	0.0	0.0	0.0	0.0	0.0	0.0	0.0	0.0	0.0	0.0
ACTGAGGACGCGTCCTCAGT	0	0.0	0.0	0.0	0.0	0.0	0.0	0.0	0.0	0.0	0.0	0.0	0.0	0.0	0.0	0.0	0.0	0.0	0.0	0.0	0.0
TCTAAGGCGCGCGCCTTAGA	0	0.0	0.0	0.0	0.0	0.0	0.0	0.0	0.0	0.0	0.0	0.0	0.0	0.0	0.0	0.0	0.0	0.0	0.0	0.0	0.0
CAGTAGGTACGTACCTACTG	20	0.0	0.0	0.0	0.0	0.0	0.0	0.0	0.0	0.0	0.0	0.0	0.0	0.0	0.0	0.0	0.0	0.0	0.0	0.0	0.0
TTCTAGGCCGCGGCCTAGAA	0	0.0	0.0	0.0	0.0	0.0	0.0	0.0	0.0	0.0	0.0	0.0	0.0	0.0	0.0	0.0	0.0	0.0	0.0	0.0	0.0
ATACAGGGTTAACCCTGTAT	1425	0.005614035087325331	0.02666666666479532	0.009824561402819329	0.011929824560566328	0.0	0.0	0.0007017543859156664	0.0007017543859156664	0.0049122807014096645	0.0007017543859156664	0.0007017543859156664	0.0007017543859156664	0.0014035087718313327	0.009824561402819329	0.0	0.0	0.014035087718313327	0.0014035087718313327	0.0028070175436626654	0.0014035087718313327
TGCAAGGGTCGACCCTTGCA	10	0.0	0.0	0.0	0.0	0.0	0.0	0.0	0.0	0.0	0.0	0.0	0.0	0.0	0.0	0.0	0.0	0.0	0.0	0.0	0.09999999900000002
GGTTAGGCTTAAGCCTAACC	165	0.0	0.0	0.054545454512396695	0.0	0.0	0.0	0.0	0.0	0.0	0.006060606056932967	0.0	0.0	0.012121212113865933	0.0	0.0	0.0	0.0	0.0	0.012121212113865933	0.0
AAGAAGGTCGCGACCTTCTT	37	0.027027026953981008	0.0	0.0	0.0	0.0	0.0	0.0	0.0	0.32432432344777207	0.027027026953981008	0.0	0.0	0.0	0.0	0.5945945929875822	0.0	0.0	0.027027026953981008	0.0	0.0
CGAAAGGGTCGACCCTTTCG	13	0.0	0.0	0.0	0.0	0.0	0.0	0.0	0.0	0.0	0.0	0.07692307633136096	0.0	0.0	0.0	0.0	0.0	0.0	0.0	0.0	0.0
GCTTAGGACTAGTCCTAAGC	111	0.036036036003571144	0.036036036003571144	0.0	0.009009009000892786	0.0	0.0	0.0	0.0	0.0	0.0	0.0	0.0	0.0	0.0	0.0	0.009009009000892786	0.0	0.0	0.12612612601249898	0.12612612601249898
CGGTAGGAGTACTCCTACCG	29	0.06896551700356718	0.03448275850178359	0.0	0.03448275850178359	0.0	0.0	0.0	0.03448275850178359	0.0	0.0	0.0	0.0	0.0	0.0	0.0	0.0	0.0	0.03448275850178359	0.0	0.0
GCGAAGGAGTACTCCTTCGC	2	0.0	0.0	0.0	0.0	0.0	0.0	0.0	0.0	0.0	0.0	0.0	0.0	0.0	0.0	0.0	0.0	0.0	0.0	0.0	0.0
ACGGAGGTGGCCACCTCCGT	17	0.0	0.0	0.0	0.0	0.0	0.0	0.0	0.0	0.0	0.058823529065743944	0.058823529065743944	0.9411764650519031	0.0	0.0	0.0	0.0	0.0	0.0	0.0	0.0
GTCAAGGCGGCCGCCTTGAC	0	0.0	0.0	0.0	0.0	0.0	0.0	0.0	0.0	0.0	0.0	0.0	0.0	0.0	0.0	0.0	0.0	0.0	0.0	0.0	0.0
TGAGAGGCGCGCGCCTCTCA	0	0.0	0.0	0.0	0.0	0.0	0.0	0.0	0.0	0.0	0.0	0.0	0.0	0.0	0.0	0.0	0.0	0.0	0.0	0.0	0.0
ATTTAGGGGTACCCCTAAAT	3735	0.001874163319896274	0.0026773761712803918	0.0005354752342560783	0.0008032128513841175	0.023560910307267445	0.00026773761712803914	0.0010709504685121566	0.0005354752342560783	0.00026773761712803914	0.001874163319896274	0.0010709504685121566	0.0013386880856401959	0.0005354752342560783	0.0013386880856401959	0.0005354752342560783	0.001874163319896274	0.004016064256920588	0.0005354752342560783	0.00026773761712803914	0.003748326639792548
CTCGAGGCGTACGCCTCGAG	0	0.0	0.0	0.0	0.0	0.0	0.0	0.0	0.0	0.0	0.0	0.0	0.0	0.0	0.0	0.0	0.0	0.0	0.0	0.0	0.0
ACCGAGGGCTAGCCCTCGGT	11	0.0	0.0	0.0	0.0	0.09090909008264464	0.0	0.0	0.0	0.0	0.0	0.0	0.0	0.0	0.0	0.0	0.09090909008264464	0.0	0.0	0.0	0.0
GGGTAGGTAATTACCTACCC	187	0.0	0.0	0.0	0.0	0.01069518716005605	0.0427807486402242	0.0	0.0	0.0	0.0	0.0	0.005347593580028025	0.0	0.0	0.005347593580028025	0.0	0.0	0.0	0.0	0.0
GGTAAGGCGATCGCCTTACC	0	0.0	0.0	0.0	0.0	0.0	0.0	0.0	0.0	0.0	0.0	0.0	0.0	0.0	0.0	0.0	0.0	0.0	0.0	0.0	0.0
CGTTAGGACCGGTCCTAACG	0	0.0	0.0	0.0	0.0	0.0	0.0	0.0	0.0	0.0	0.0	0.0	0.0	0.0	0.0	0.0	0.0	0.0	0.0	0.0	0.0
TAGTAGGGGCGCCCCTACTA	0	0.0	0.0	0.0	0.0	0.0	0.0	0.0	0.0	0.0	0.0	0.0	0.0	0.0	0.0	0.0	0.0	0.0	0.0	0.0	0.0
AGTTAGGCGCGCGCCTAACT	1	0.0	0.0	0.0	0.0	0.0	0.0	0.0	0.0	0.9999999000000099	0.0	0.0	0.0	0.0	0.0	0.0	0.0	0.0	0.0	0.0	0.0
ACTAAGGCGCGCGCCTTAGT	0	0.0	0.0	0.0	0.0	0.0	0.0	0.0	0.0	0.0	0.0	0.0	0.0	0.0	0.0	0.0	0.0	0.0	0.0	0.0	0.0
TTCTAGGGTCGACCCTAGAA	130	0.14615384604142012	0.0	0.14615384604142012	0.0	0.0	0.007692307686390533	0.0	0.13076923066863905	0.0	0.0	0.0	0.0	0.0	0.06923076917751479	0.0	0.007692307686390533	0.0	0.0	0.06923076917751479	0.0
ATATAGGGTTAACCCTATAT	79	0.13924050615286013	0.12658227832078195	0.0	0.03797468349623458	0.0	0.0	0.03797468349623458	0.0	0.012658227832078194	0.0	0.0	0.0	0.0	0.0	0.0	0.0	0.03797468349623458	0.012658227832078194	0.012658227832078194	0.0
CCGGAGGGAATTCCCTCCGG	15	0.0	0.0	0.0	0.0	0.0	0.0	0.0	0.0	0.0	0.0	0.0	0.0	0.0	0.9333333271111112	0.0	0.0	0.0	0.0	0.0	0.0
CGTTAGGAACGTTCCTAACG	13	0.0	0.0	0.0	0.0	0.0	0.0	0.0	0.0	0.0	0.9999999923076924	0.0	0.0	0.0	0.0	0.0	0.0	0.0	0.0	0.0	0.0
TATAAGGCCGCGGCCTTATA	21	0.0	0.0	0.0	0.0	0.0	0.0	0.0	0.0	0.0	0.0	0.0	0.0	0.0	0.761904758276644	0.0	0.0	0.0	0.0	0.0	0.0
GGTAAGGAACGTTCCTTACC	9	0.0	0.0	0.9999999888888891	0.9999999888888891	0.0	0.0	0.0	0.0	0.0	0.0	0.0	0.0	0.0	0.0	0.0	0.0	0.0	0.0	0.0	0.0
ATCTAGGCGTACGCCTAGAT	1	0.0	0.0	0.0	0.0	0.0	0.0	0.0	0.0	0.9999999000000099	0.0	0.0	0.0	0.0	0.0	0.0	0.0	0.0	0.0	0.0	0.0
GTTAAGGGGCGCCCCTTAAC	61	0.0	0.0	0.0	0.0	0.0	0.0	0.0	0.0	0.0	0.45901639269013705	0.31147540932545015	0.016393442596076325	0.22950819634506853	0.0	0.0	0.0	0.0	0.0	0.0	0.0
TCGCAGGCTTAAGCCTGCGA	0	0.0	0.0	0.0	0.0	0.0	0.0	0.0	0.0	0.0	0.0	0.0	0.0	0.0	0.0	0.0	0.0	0.0	0.0	0.0	0.0
TACGAGGCTTAAGCCTCGTA	271	0.0	0.0	0.0	0.08487084867716942	0.0	0.0	0.0	0.0	0.0	0.0	0.0	0.0	0.0	0.0	0.0	0.0	0.0	0.0	0.0	0.014760147596029465
GTGTAGGACGCGTCCTACAC	0	0.0	0.0	0.0	0.0	0.0	0.0	0.0	0.0	0.0	0.0	0.0	0.0	0.0	0.0	0.0	0.0	0.0	0.0	0.0	0.0
TGATAGGTGCGCACCTATCA	13	0.0	0.0	0.0	0.0	0.0	0.0	0.0	0.0	0.0	0.0	0.9230769159763315	0.0	0.0	0.0	0.0	0.0	0.0	0.0	0.0	0.0
GCATAGGGGCGCCCCTATGC	18	0.0	0.0	0.0	0.0	0.0	0.0	0.05555555524691358	0.0	0.0	0.0	0.9444444391975308	0.0	0.0	0.0	0.0	0.0	0.0	0.0	0.0	0.0
CGAAAGGGCCGGCCCTTTCG	0	0.0	0.0	0.0	0.0	0.0	0.0	0.0	0.0	0.0	0.0	0.0	0.0	0.0	0.0	0.0	0.0	0.0	0.0	0.0	0.0
TGTTAGGGCTAGCCCTAACA	9	0.0	0.0	0.0	0.0	0.0	0.0	0.0	0.9999999888888891	0.0	0.0	0.0	0.0	0.9999999888888891	0.0	0.0	0.0	0.0	0.0	0.0	0.0
CATAAGGTCCGGACCTTATG	242	0.07024793385526945	0.07024793385526945	0.0	0.016528925613004578	0.008264462806502289	0.0	0.0	0.004132231403251144	0.0	0.008264462806502289	0.12396694209753432	0.0	0.004132231403251144	0.0	0.0	0.004132231403251144	0.0	0.0	0.15702479332354347	0.15289256192029232
TGCGAGGGTTAACCCTCGCA	0	0.0	0.0	0.0	0.0	0.0	0.0	0.0	0.0	0.0	0.0	0.0	0.0	0.0	0.0	0.0	0.0	0.0	0.0	0.0	0.0
ATTGAGGGTCGACCCTCAAT	166	0.0	0.0	0.0	0.0	0.0	0.0	0.0	0.0	0.02409638552765278	0.0	0.10240963849252432	0.0	0.0	0.006024096381913195	0.0	0.0	0.0	0.0	0.006024096381913195	0.006024096381913195
CGTTAGGCAGCTGCCTAACG	16	0.0	0.0	0.0	0.0	0.0	0.0	0.0	0.9999999937499999	0.0	0.0	0.0	0.0	0.9999999937499999	0.0	0.0	0.0	0.0	0.0	0.0	0.0
GCGGAGGACTAGTCCTCCGC	6	0.0	0.0	0.0	0.0	0.0	0.0	0.0	0.0	0.0	0.0	0.0	0.0	0.0	0.0	0.0	0.0	0.0	0.0	0.0	0.0
CGTGAGGTCGCGACCTCACG	0	0.0	0.0	0.0	0.0	0.0	0.0	0.0	0.0	0.0	0.0	0.0	0.0	0.0	0.0	0.0	0.0	0.0	0.0	0.0	0.0
ATTGAGGGGCGCCCCTCAAT	0	0.0	0.0	0.0	0.0	0.0	0.0	0.0	0.0	0.0	0.0	0.0	0.0	0.0	0.0	0.0	0.0	0.0	0.0	0.0	0.0
GTCAAGGAGCGCTCCTTGAC	0	0.0	0.0	0.0	0.0	0.0	0.0	0.0	0.0	0.0	0.0	0.0	0.0	0.0	0.0	0.0	0.0	0.0	0.0	0.0	0.0
ACCGAGGTTCGAACCTCGGT	16	0.0	0.0	0.0	0.0	0.0	0.0	0.0	0.0	0.0	0.0	0.0	0.0	0.0	0.0	0.0	0.0	0.9999999937499999	0.0	0.0	0.0
CTTAAGGGGATCCCCTTAAG	0	0.0	0.0	0.0	0.0	0.0	0.0	0.0	0.0	0.0	0.0	0.0	0.0	0.0	0.0	0.0	0.0	0.0	0.0	0.0	0.0
TTCGAGGTGCGCACCTCGAA	0	0.0	0.0	0.0	0.0	0.0	0.0	0.0	0.0	0.0	0.0	0.0	0.0	0.0	0.0	0.0	0.0	0.0	0.0	0.0	0.0
ACAAAGGACCGGTCCTTTGT	55	0.0	0.0	0.0	0.0	0.0	0.0	0.03636363629752066	0.0	0.0	0.03636363629752066	0.2363636359338843	0.0	0.0	0.0	0.0	0.0	0.0	0.0	0.0	0.0
GGCGAGGATTAATCCTCGCC	73	0.0	0.0	0.0	0.0	0.0	0.0	0.0	0.0	0.0	0.0	0.013698630118221056	0.0	0.0	0.0	0.0	0.0	0.0	0.0	0.0	0.0
CGAGAGGGTGCACCCTCTCG	17	0.0	0.0	0.0	0.0	0.0	0.0	0.0	0.0	0.0	0.23529411626297578	0.0	0.0	0.0	0.0	0.7647058778546713	0.0	0.0	0.0	0.0	0.0
TTCTAGGTCCGGACCTAGAA	143	0.006993006988116779	0.0	0.0	0.0	0.0	0.06993006988116779	0.0	0.0	0.0	0.0	0.0	0.0	0.0	0.0	0.0	0.0	0.0	0.0	0.0	0.0
CCAGAGGATCGATCCTCTGG	1	0.0	0.0	0.0	0.0	0.0	0.0	0.0	0.0	0.0	0.0	0.0	0.0	0.0	0.0	0.0	0.0	0.9999999000000099	0.0	0.0	0.0
AGCTAGGCGTACGCCTAGCT	30	0.0	0.0	0.0	0.0	0.0	0.0	0.0	0.0	0.0	0.0	0.0	0.0	0.0	0.0	0.0	0.0	0.0	0.0	0.0	0.0
CGCAAGGGTATACCCTTGCG	44	0.0	0.0	0.0	0.0	0.0	0.0	0.0	0.0	0.022727272675619834	0.0	0.0	0.0	0.0	0.0	0.0	0.0	0.0	0.0	0.0	0.0
TCCGAGGATCGATCCTCGGA	35	0.0	0.0	0.0	0.0	0.11428571395918367	0.0	0.5428571413061224	0.0	0.05714285697959184	0.0	0.0	0.0	0.05714285697959184	0.0	0.0	0.0	0.02857142848979592	0.0	0.0	0.0
GGTACAGGTATACCTGTACC	0	0.0	0.0	0.0	0.0	0.0	0.0	0.0	0.0	0.0	0.0	0.0	0.0	0.0	0.0	0.0	0.0	0.0	0.0	0.0	0.0
TACGCAGGGCGCCCTGCGTA	0	0.0	0.0	0.0	0.0	0.0	0.0	0.0	0.0	0.0	0.0	0.0	0.0	0.0	0.0	0.0	0.0	0.0	0.0	0.0	0.0
TCGAAAGGTATACCTTTCGA	0	0.0	0.0	0.0	0.0	0.0	0.0	0.0	0.0	0.0	0.0	0.0	0.0	0.0	0.0	0.0	0.0	0.0	0.0	0.0	0.0
CGCTAAGGCCGGCCTTAGCG	0	0.0	0.0	0.0	0.0	0.0	0.0	0.0	0.0	0.0	0.0	0.0	0.0	0.0	0.0	0.0	0.0	0.0	0.0	0.0	0.0
